49.89945046858564; 8.9010196828603
49.89944072615562; 8.901035336217376
49.899428786357994; 8.901054087296352
49.89941666109697; 8.901072893355547
49.89940446588944; 8.901091521378357
49.89939199891869; 8.901110368573354
49.899378672346856; 8.90113039131925
49.8993650117863; 8.901150600865243
49.899351207488245; 8.901170812214211
49.89933710893391; 8.901191272966985
49.89932377220011; 8.901210324168781
49.89931008157348; 8.90122954732267
49.89929557743421; 8.901249482257947
49.8992809060898; 8.901269286793825
49.89926661778595; 8.901288426094363
49.899251685594315; 8.90130814563413
49.89923708643896; 8.901327087385617
49.899221982632895; 8.90134626854825
49.899207439250226; 8.90136443251009
49.89919139067353; 8.901384117256459
49.89917655324501; 8.90140199606426
49.89916047224148; 8.901420856855278
49.899144905477094; 8.901438559892783
49.89912823532648; 8.901456923467281
49.89911249985505; 8.90147387547621
49.89909611123925; 8.901491110009257
49.89907963568374; 8.901507748238323
49.89906318877154; 8.9015237925498
49.89904636532161; 8.901539711988493
49.89902979653502; 8.901554984411982
49.89901314003411; 8.901569977621394
49.89899611570545; 8.901584822635122
49.898978389078636; 8.90159977714488
49.898960437426176; 8.901614200553718
49.89894258789119; 8.901627713966233
49.898924785814565; 8.90164043454944
49.89890679578761; 8.901652435555222
49.898873182314816; 8.901632371551797
49.89888128692547; 8.90161773839243
49.898892784211725; 8.901597329805863
49.898904517750985; 8.901577162116034
49.898916144330734; 8.901558157956103
49.898929079528436; 8.901538227852638
49.89894242764022; 8.901518638030254
49.8989553174296; 8.90150073407979
49.89896833169018; 8.90148387139938
49.898982315994715; 8.90146714142999
49.89900540724261; 8.901430703649176
49.89899815254565; 8.901415503418612
49.89898758238456; 8.901395286466583
49.89897623718625; 8.901375510955535
49.898964319332755; 8.901356278692594
49.89895131456023; 8.901313237463176
49.89896169469155; 8.901306248148238
49.8989766778885; 8.901296352765165
49.89899202519483; 8.901286562356749
49.89900760377464; 8.901277022074792
49.89902318987861; 8.901267835194593
49.899039364587466; 8.901258664366718
49.89905531293174; 8.901249888756464
49.89907125237319; 8.901241397947189
49.89908814281907; 8.901232742496967
49.899104785236815; 8.90122449442633
49.89912178510251; 8.90121641318817
49.89913892098653; 8.90120866282717
49.89915621900047; 8.901201212197213
49.89917322814227; 8.901194171424326
49.8992025809538; 8.901169619584257
49.899196383036816; 8.901153126507795
49.89918736816149; 8.901131221683292
49.89917738917626; 8.901108785148956
49.89916694616646; 8.901086558896756
49.899156388796634; 8.901065016692872
49.89914543524246; 8.901043803272957
49.89913378998736; 8.901022501741465
49.89912198321484; 8.901002028911593
49.89910945688909; 8.900981435941521
49.899096832003934; 8.900961865796225
49.89908341762096; 8.900942459544602
49.89906684811276; 8.900905513285146
49.89907928492691; 8.900907246001307
49.89909619190306; 8.900910681512656
49.899113435497675; 8.900915083007957
49.89913073748984; 8.900920106552034
49.89914808481429; 8.90092552995119
49.89916531122874; 8.900931093685726
49.89918303234528; 8.900936893200774
49.89920021947016; 8.900942487448761
49.89921766725383; 8.900948107211724
49.89923542550935; 8.900953663925968
49.89925328508496; 8.900959036520602
49.89927124562187; 8.900964287341115
49.899302445548756; 8.900958775511144
49.89929510392762; 8.9009427478329
49.89928458495986; 8.900921857912904
49.89927312805816; 8.900900868018766
49.89926136983757; 8.900880468758617
49.899248959095345; 8.90085995032606
49.899236436734455; 8.900840229043059
49.899223597564855; 8.900820882866272
49.89921004497913; 8.900801490311432
49.89919620321305; 8.900782947351942
49.89918191853906; 8.900765113423052
49.89916729666898; 8.900748215040833
49.89914937698656; 8.900714940765312
49.89916185293103; 8.900718093517883
49.89917883708752; 8.900723406911736
49.89919626808593; 8.900729836026215
49.89921291821994; 8.900736520990973
49.89923048047101; 8.900743834852252
49.89924727180379; 8.900750958786178
49.899264983684205; 8.900758520091847
49.89928253019842; 8.90076602081361
49.89929993624675; 8.900773436227817
49.899317250686096; 8.900780621637052
49.89933510515502; 8.900787865455019
49.899353023166974; 8.900794880733043
49.89937103296175; 8.900801686124844
49.899389313924125; 8.900808551265284
49.89940745063129; 8.900815242944297
49.89942566551932; 8.900821671663516
49.89944399251358; 8.900827719052778
49.89947529604922; 8.900821616927798
49.899466623966305; 8.900806045964142
49.899454460865954; 8.900786112396656
49.899441882385474; 8.90076690841008
49.89942843834984; 8.900747392081852
49.89941486799911; 8.90072845618393
49.89940132353088; 8.900710256705656
49.899386979285126; 8.900691545393721
49.89937262496073; 8.90067331156699
49.89935843810358; 8.900655789353774
49.89934329974965; 8.900637756179265
49.89932804971952; 8.900620338141204
49.89931289181964; 8.900603706306061
49.89929744084115; 8.900587651818682
49.89928166526655; 8.90057215241393
49.89926537413673; 8.900557158068299
49.89924566717694; 8.900526124086552
49.89925835029806; 8.90053018471782
49.89927526165409; 8.900536687029792
49.899292826488136; 8.9005443683825
49.89931000376422; 8.900552434736042
49.899327186853775; 8.90056092529233
49.89934460550656; 8.900569738010553
49.89936127741301; 8.900578246710957
49.89937928854666; 8.90058737883698
49.89939693567213; 8.900596267831968
49.89941472522423; 8.900605116952809
49.89943257664954; 8.900613752003066
49.89945054100468; 8.900622228208672
49.899468403905445; 8.900630336284175
49.89948658406863; 8.900638355126985
49.8995048086918; 8.900646274316365
49.89952325265037; 8.900654174144304
49.899541547946406; 8.900661902068709
49.89955995595988; 8.900669370612707
49.8995782375979; 8.900676401198966
49.89959707058185; 8.900683237913244
49.89961577020041; 8.900689690713312
49.89964732439611; 8.900683575943775
49.89963830432644; 8.90066911045482
49.89962518423861; 8.900649625581584
49.89961163579347; 8.900630748643602
49.89959776289466; 8.900612313273616
49.89958410141693; 8.900594835842238
49.899569920482655; 8.900577142384241
49.89955519542032; 8.90055920575872
49.89954025303913; 8.900541488042565
49.89952545712051; 8.900524448374798
49.899510459126425; 8.900507626188034
49.89949488442491; 8.90049066999501
49.89947929993849; 8.900474232050081
49.89946402574427; 8.90045870562839
49.899448244442546; 8.90044308333515
49.899432118009955; 8.900427606936343
49.89941572463478; 8.900412613566212
49.89939913579482; 8.900398013554671
49.89938196742261; 8.900383504602416
49.89936497191472; 8.900369910671095
49.899348003138364; 8.900356996316031
49.89933034362223; 8.90034443785109
49.89930199724415; 8.900340808344737
49.89931293265577; 8.900352784438008
49.89932773762814; 8.900367986905382
49.89934340096482; 8.900382834444724
49.89935926670792; 8.900396851619904
49.89937574789493; 8.90041066847968
49.8993922616899; 8.900424049819383
49.89940897675277; 8.900437196065822
49.89942567207611; 8.90045007727776
49.89944263400357; 8.900463022634689
49.89945965583782; 8.900475822106296
49.89947661091702; 8.900488208947104
49.8994939059998; 8.90050045898218
49.899511127222304; 8.900512417900373
49.89952843966148; 8.900524180467395
49.89954615456581; 8.900535815912296
49.899564387308736; 8.900547359942543
49.899582099296985; 8.90055827708378
49.89959971115828; 8.900568911355084
49.899618006320644; 8.900579521298921
49.89963627505827; 8.900589592297635
49.89965466273259; 8.900599233017948
49.899673142019935; 8.900608595245918
49.89969148664878; 8.900617599787328
49.89970989152715; 8.90062614497066
49.8997288774032; 8.90063446385204
49.89976079263659; 8.900630314551467
49.899752486001894; 8.900613706141861
49.89974084704814; 8.900592300336609
49.899728696465964; 8.900571309531953
49.89971592649503; 8.900550084966959
49.899703122025265; 8.900529482757447
49.89969003935863; 8.900508829786787
49.899663378103185; 8.900467762472292
49.89965342277994; 8.900448586031537
49.89964162193889; 8.90042569016728
49.899628937911565; 8.900404004864706
49.899615438862945; 8.90038330780978
49.899601388576635; 8.900363497323596
49.89958704841211; 8.900344483780685
