1624373553.3607695; -0.019999999999999574
1624373553.723408; -0.019999999999999574
1624373554.121791; 0.026250000000000107
1624373554.4655862; 0.02937499999999993
1624373554.801493; 0.07125000000000004
1624373555.2690814; 0.11312500000000014
1624373555.6275604; 0.15082142857143044
1624373555.9693172; 0.1775000000000002
1624373556.3666594; 0.19500000000000028
1624373556.718603; 0.20000000000000018
1624373557.1223824; 0.21750000000000025
1624373557.959777; 0.22132142857142956
1624373558.3859475; 0.22062500000000007
1624373558.7378392; 0.20375000000000032
1624373559.1444662; 0.18625000000000025
1624373559.5556533; 0.16583333333332995
1624373559.985983; 0.1349999999999998
1624373560.3664598; 0.10500000000000043
1624373560.8742526; 0.07249999999999979
1624373561.279683; 0.03785714285714015
1624373561.7596474; 0.006964285714290419
1624373562.133588; 0.01687499999999975
1624373562.468307; -0.023749999999999716
1624373562.8945856; -0.012500000000000178
1624373563.3231397; -0.012500000000000178
1624373563.74632; 0.035624999999999574
1624373564.2054098; 0.06971428571428007
1624373564.6986272; 0.08000000000000007
1624373565.1581705; 0.09578571428570992
1624373565.6469302; 0.10625000000000018
1624373566.1919127; 0.12062500000000043
1624373566.6202424; 0.10874999999999968
1624373567.048447; 0.10285714285713965
1624373567.493185; 0.08999999999999986
1624373567.9394891; 0.08499999999999996
1624373568.3765588; 0.0731250000000001
1624373568.8479242; 0.06874999999999964
1624373569.2631462; 0.05750000000000011
1624373569.7405043; 0.04624999999999968
1624373570.1288748; 0.03500000000000014
1624373570.5419588; 0.03771428571428004
1624373570.9988286; 0.028821428571429664
1624373571.4285197; 0.026250000000000107
1624373571.8369823; 0.022499999999999964
1624373572.2856662; 0.018749999999999822
1624373572.6405306; 0.017249999999999766
1624373573.0237534; 0.024375000000000036
1624373573.3963294; 0.03375000000000039
1624373573.8191118; 0.04166666666666963
1624373574.1456788; 0.05149999999999988
1624373574.534691; 0.06562499999999982
1624373575.0157375; 0.07717857142857021
1624373575.4243672; 0.09416666666666984
1624373575.8615885; 0.10500000000000043
1624373576.362957; 0.13250000000000028
1624373576.83083; 0.14250000000000007
1624373577.2582738; 0.16999999999999993
1624373577.8038743; 0.14125000000000032
1624373578.2480285; 0.1356250000000001
1624373578.649175; 0.12978571428570973
1624373579.002417; 0.11374999999999957
1624373579.4138153; 0.11374999999999957
1624373579.7719367; 0.0987499999999999
1624373580.193388; 0.0987499999999999
1624373580.6344092; 0.09312499999999968
1624373581.1162665; 0.08000000000000007
1624373581.5400631; 0.07707142857143001
1624373581.9782932; 0.06374999999999975
1624373582.538692; 0.05707142857143044
1624373583.0428693; 0.05187499999999989
1624373583.4499397; 0.040625000000000355
1624373584.0348303; 0.034571428571429585
1624373584.4805486; 0.042928571428570095
1624373584.911811; 0.042928571428570095
1624373585.3731234; 0.06062499999999993
1624373585.9003236; 0.07875000000000032
1624373586.366863; 0.07875000000000032
1624373586.8469486; 0.09687499999999982
1624373587.356545; 0.11371428571427966
1624373587.7147503; 0.12124999999999986
1624373588.0720906; 0.12124999999999986
1624373588.4565854; 0.12875000000000014
1624373588.8533053; 0.1200000000000001
1624373589.2091172; 0.0987499999999999
1624373589.5942886; 0.07249999999999979
1624373589.9385262; 0.04624999999999968
1624373590.3275585; 0.018333333333329982
1624373590.6899896; -0.013749999999999929
1624373591.0808027; -0.04750000000000032
1624373591.5477374; -0.08124999999999982
1624373591.9531648; -0.11027777777777992
1624373592.357168; -0.1275000000000004
1624373592.8385751; -0.13999999999999968
1624373593.3624566; -0.15000000000000036
1624373593.847289; -0.16046428571428972
1624373594.2369413; -0.16000000000000014
1624373594.7753592; -0.16000000000000014
1624373595.2700884; -0.13687499999999986
1624373595.674314; -0.12375000000000025
1624373596.1044095; -0.0987499999999999
1624373596.5716188; -0.08055555555556015
1624373596.985807; -0.051249999999999574
1624373597.392656; -0.01750000000000007
1624373597.810199; 0.023125000000000284
1624373598.2521372; 0.053928571428570216
1624373598.6402524; 0.08435714285714013
1624373599.0606754; 0.08435714285714013
1624373599.59702; 0.08562500000000028
1624373600.014708; 0.08624999999999972
1624373600.4573662; 0.06416666666666959
1624373600.9596286; 0.06416666666666959
1624373601.4734774; 0.022499999999999964
1624373602.1286075; 0.0
1624373602.7347157; -0.037499999999999645
1624373603.2608197; -0.06500000000000039
1624373603.7600944; -0.09250000000000025
1624373604.3846586; -0.0987499999999999
1624373604.910089; -0.10625000000000018
1624373605.4087157; -0.09924999999999962
1624373606.0290182; -0.09999999999999964
1624373606.5357041; -0.09027777777778034
1624373607.0226178; -0.08124999999999982
1624373607.5382326; -0.07125000000000004
1624373608.003075; -0.07125000000000004
1624373608.511157; -0.06187499999999968
1624373608.9732552; -0.04999999999999982
1624373609.458493; -0.04999999999999982
1624373609.98133; -0.03925000000000001
1624373610.4671624; -0.029166666666670338
1624373610.9993334; -0.022499999999999964
1624373611.5950096; -0.025000000000000355
1624373612.1393216; -0.01782142857143043
1624373612.6418395; -0.019999999999999574
1624373613.1850672; -0.015625
1624373613.6504326; -0.021874999999999645
1624373614.2026215; -0.024464285714289602
1624373614.698338; -0.025000000000000355
1624373615.1393874; -0.025000000000000355
1624373615.565213; -0.024678571428569995
1624373616.00665; -0.021250000000000213
1624373616.624712; -0.019375000000000142
1624373617.1064358; -0.015555555555549994
1624373617.5491292; -0.01750000000000007
1624373618.0569139; -0.018749999999999822
1624373618.4910407; -0.020555555555549887
1624373619.0076423; -0.02874999999999961
1624373619.5592458; -0.03312500000000007
1624373620.2103496; -0.040000000000000036
1624373620.7827213; -0.047714285714289595
1624373621.360803; -0.04999999999999982
1624373622.0205452; -0.05446428571428985
1624373622.638299; -0.0591666666666697
1624373623.2341855; -0.05874999999999986
1624373623.7317271; -0.05250000000000021
1624373624.2648726; -0.04624999999999968
1624373624.7755878; -0.03312500000000007
1624373625.3084295; -0.026250000000000107
1624373625.7830956; -0.012928571428569846
1624373626.2223923; -0.004999999999999893
1624373626.7001336; 0.0
1624373627.286151; 0.009375000000000355
1624373627.8756838; 0.013392857142860315
1624373628.4321182; 0.01750000000000007
1624373629.0528424; 0.01812500000000039
1624373629.4931533; 0.011250000000000426
1624373630.0195923; 0.004374999999999574
1624373630.618443; -0.0032500000000004192
1624373631.1489725; -0.025000000000000355
1624373631.7078578; -0.03624999999999989
1624373632.2054932; -0.054999999999999716
1624373632.7511382; -0.05999999999999961
1624373633.2445335; -0.07696428571428982
1624373633.689336; -0.08187500000000014
1624373634.175537; -0.08916666666666995
1624373634.641664; -0.09403571428570956
1624373635.181586; -0.09375
1624373635.6430762; -0.08999999999999986
1624373636.1309547; -0.08750000000000036
1624373636.6649544; -0.08388888888888957
1624373637.2135637; -0.08000000000000007
1624373637.778644; -0.07361111111111018
1624373638.2453427; -0.06653571428572036
1624373638.790351; -0.06437500000000007
1624373639.256962; -0.06125000000000025
1624373639.7548132; -0.06125000000000025
1624373640.239278; -0.06374999999999975
1624373640.7457585; -0.06937499999999996
1624373641.2561815; -0.07000000000000028
1624373641.6968763; -0.06989285714286009
1624373642.1950355; -0.06967857142856992
1624373642.7898443; -0.0623928571428598
1624373643.4429133; -0.06125000000000025
1624373644.036659; -0.04750000000000032
1624373644.5333972; -0.03375000000000039
1624373645.0877497; -0.022499999999999964
1624373645.4859025; 0.0008333333333299109
1624373645.9261143; 0.01499999999999968
1624373646.4281113; 0.022499999999999964
1624373646.9564219; 0.014444444444439597
1624373647.5307202; 0.014444444444439597
1624373648.113794; -0.012500000000000178
1624373648.6918347; -0.022499999999999964
1624373649.3745193; -0.051249999999999574
1624373649.9905171; -0.07125000000000004
1624373650.6534941; -0.09035714285714036
1624373651.3230717; -0.09642857142856975
1624373651.9633539; -0.09812499999999957
1624373652.4905195; -0.09777777777777974
1624373653.1015491; -0.09849999999999959
1624373653.6473184; -0.08375000000000021
1624373654.2729902; -0.07562499999999961
1624373654.8185017; -0.053749999999999964
1624373655.277146; -0.040000000000000036
1624373655.736231; -0.01346428571429037
1624373656.2507296; -0.011642857142859953
1624373656.7282424; -0.003888888888890385
1624373657.421606; 0.009999999999999787
1624373658.0278668; 0.002749999999999808
1624373658.6137342; -0.004999999999999893
1624373659.1629262; -0.006607142857140147
1624373659.6742413; -0.009999999999999787
1624373660.1605265; -0.013821428571429983
1624373660.7492888; -0.012500000000000178
1624373661.3670332; -0.009999999999999787
1624373661.9995372; -0.007500000000000284
1624373662.6407251; -0.004892857142859697
1624373663.2450838; 0.0014285714285700024
1624373663.8729544; 0.0012499999999997513
1624373664.5143301; 0.004374999999999574
1624373665.043131; 0.004722222222220296
1624373665.6428776; 0.002178571428570031
1624373666.1412163; -0.0028214285714298626
1624373666.8023074; -0.0012499999999997513
1624373667.4240701; -0.004999999999999893
1624373667.9714077; -0.008750000000000036
1624373668.679029; -0.010625000000000107
1624373669.2217984; -0.015625
1624373669.6810515; -0.01625000000000032
1624373670.3141835; -0.02027777777778006
1624373670.9459522; -0.021250000000000213
1624373671.646334; -0.01792857142856974
1624373672.2580345; -0.007928571428569953
1624373672.9490623; -0.007928571428569953
1624373673.4609878; 0.009999999999999787
1624373674.0427191; 0.023749999999999716
1624373674.6326323; 0.030357142857139863
1624373675.0923147; 0.03446428571427962
1624373675.544471; 0.029166666666670338
1624373676.157806; 0.024375000000000036
1624373676.7825096; 0.023749999999999716
1624373677.3547986; 0.023125000000000284
1624373677.9080226; 0.021535714285709773
1624373678.4849749; 0.005749999999999922
1624373679.0074723; 0.0008333333333299109
1624373679.5457249; -0.012500000000000178
1624373680.0571187; -0.018749999999999822
1624373680.5304687; -0.021666666666670054
1624373681.2448106; -0.007500000000000284
1624373681.9765406; 0.0012499999999997513
1624373682.6428418; 0.01532142857143004
1624373683.450579; 0.019999999999999574
1624373684.1498053; 0.03437499999999982
1624373684.753782; 0.05874999999999986
1624373685.3246346; 0.05999999999999961
1624373685.9126294; 0.04999999999999982
1624373686.4679909; 0.022499999999999964
1624373687.0018141; -0.01687499999999975
1624373687.541085; -0.01687499999999975
1624373688.1584196; -0.07055555555556037
1624373688.7386196; -0.12687500000000007
1624373689.2983222; -0.21062500000000028
1624373689.9065537; -0.2818750000000003
1624373690.4801464; -0.3092499999999996
1624373691.0475774; -0.3049999999999997
1624373691.6369176; -0.28500000000000014
1624373692.277147; -0.25124999999999975
1624373692.7741768; -0.25124999999999975
1624373693.337456; -0.22750000000000004
1624373693.8534634; -0.19153571428572036
1624373694.4829943; -0.16999999999999993
1624373695.1881127; -0.13687499999999986
1624373695.9017498; -0.12375000000000025
1624373696.5624506; -0.08611111111111036
1624373697.2912724; -0.08375000000000021
1624373697.9994075; -0.07010714285713959
1624373698.6634448; -0.08000000000000007
1624373699.282798; -0.09021428571429002
1624373699.880907; -0.11000000000000032
1624373700.5145223; -0.1200000000000001
1624373701.1269562; -0.14374999999999982
1624373701.6573513; -0.16999999999999993
1624373702.1367784; -0.20187500000000025
1624373702.6687226; -0.18160714285713997
1624373703.2445605; -0.19194444444444958
1624373703.8221655; -0.1875
1624373704.4432046; -0.16249999999999964
1624373704.9943287; -0.1508571428571397
1624373705.4892123; -0.14388888888889007
1624373706.06729; -0.13664285714285995
1624373706.6387165; -0.12924999999999986
1624373707.1963243; -0.13375000000000004
1624373707.9152188; -0.13625000000000043
1624373708.6338246; -0.13937500000000025
1624373709.245255; -0.14239285714285987
1624373709.7800276; -0.14260714285714027
1624373710.3798673; -0.14260714285714027
1624373710.9515347; -0.14374999999999982
1624373711.5415077; -0.1456249999999999
1624373712.0761774; -0.1446785714285701
1624373712.6208527; -0.14250000000000007
1624373713.2699976; -0.13250000000000028
1624373714.0071712; -0.1297222222222203
1624373714.6854477; -0.11624999999999996
1624373715.2681365; -0.1052142857142897
1624373716.0229986; -0.09325000000000028
1624373716.5785794; -0.07889285714286043
1624373717.1686864; -0.07599999999999962
1624373717.7596273; -0.0674999999999999
1624373718.2916362; -0.0674999999999999
1624373718.9077642; -0.09057142857142964
1624373719.3558536; -0.1079285714285696
1624373719.9782944; -0.1155555555555603
1624373720.5900679; -0.12292857142857017
1624373721.3447285; -0.14125000000000032
1624373721.9715884; -0.15000000000000036
1624373722.5799174; -0.15749999999999975
1624373723.2326798; -0.16416666666667012
1624373723.8898451; -0.17578571428571
1624373724.5825465; -0.171875
1624373725.2475588; -0.16062499999999957
1624373725.8934798; -0.13999999999999968
1624373726.4519303; -0.09583333333332966
1624373726.9979374; -0.06437500000000007
1624373727.5497532; -0.020624999999999893
1624373728.1850128; 0.0012499999999997513
1624373728.7670393; 0.04392857142857043
1624373729.3937535; 0.06062499999999993
1624373729.994786; 0.0697222222222198
1624373730.6406171; 0.0625
1624373731.3285296; 0.04499999999999993
1624373731.8864253; 0.03138888888889024
1624373732.4973657; 0.004374999999999574
1624373733.123738; -0.05187499999999989
1624373733.7795117; -0.08999999999999986
1624373734.360906; -0.12124999999999986
1624373734.9025524; -0.125
1624373735.4032204; -0.09803571428571001
1624373735.9452593; -0.09803571428571001
1624373736.5638165; -0.04124999999999979
1624373737.3033605; -0.018035714285719706
1624373737.9477487; 0.004464285714280258
1624373738.4652207; -0.004892857142859697
1624373739.0847292; -0.01685714285714024
1624373739.5797513; -0.02388888888888996
1624373740.04522; -0.040000000000000036
1624373740.5668604; -0.03882142857143034
1624373741.0631778; -0.039035714285719614
1624373741.6399324; -0.040000000000000036
1624373742.179504; -0.04027777777777963
1624373742.7206495; -0.040750000000000064
1624373743.398998; -0.05878571428571
1624373743.938745; -0.07249999999999979
1624373744.5114388; -0.07000000000000028
1624373745.2406774; -0.04624999999999968
1624373745.950932; -0.019999999999999574
1624373746.6815662; -0.006750000000000256
1624373747.3013747; 0.03500000000000014
1624373747.945924; 0.05250000000000021
1624373748.6318476; 0.07000000000000028
1624373749.2715569; 0.0860000000000003
1624373749.9191568; 0.04875000000000007
1624373750.599157; 0.02382142857142977
1624373751.3664148; -0.03624999999999989
1624373752.0234084; -0.09999999999999964
1624373752.7179084; -0.09999999999999964
1624373753.3013299; -0.09999999999999964
1624373753.907061; -0.09750000000000014
1624373754.4760473; -0.09750000000000014
1624373755.0866318; -0.09750000000000014
1624373755.8381615; -0.09750000000000014
1624373756.468513; -0.09750000000000014
1624373757.1203377; -0.09750000000000014
1624373757.7936985; -0.09750000000000014
1624373758.5670228; -0.09750000000000014
1624373759.3310134; -0.09750000000000014
1624373759.9515934; -0.08999999999999986
1624373760.5727773; -0.09250000000000025
1624373761.1561606; -0.09499999999999975
1624373761.8237777; -0.09499999999999975
1624373762.4999676; -0.09750000000000014
1624373763.0614474; -0.09750000000000014
1624373763.648628; -0.09750000000000014
1624373764.3382938; -0.09750000000000014
1624373765.039209; -0.09750000000000014
1624373765.7678154; -0.09750000000000014
1624373766.3731484; -0.09750000000000014
1624373766.8984702; -0.09750000000000014
1624373767.5654285; -0.08999999999999986
1624373768.2149262; -0.08999999999999986
1624373768.842504; -0.09250000000000025
1624373769.4943206; -0.09250000000000025
1624373770.0449562; -0.09499999999999975
1624373770.555432; -0.09750000000000014
1624373771.1405916; -0.09999999999999964
1624373771.7158573; -0.09999999999999964
1624373772.3794484; -0.09999999999999964
1624373773.032429; -0.09999999999999964
1624373773.6602802; -0.09999999999999964
1624373774.350116; -0.09999999999999964
1624373775.0133665; -0.09999999999999964
1624373775.6012614; -0.09250000000000025
1624373776.3220127; -0.09250000000000025
1624373776.9755664; -0.09250000000000025
1624373777.6296887; -0.09250000000000025
1624373778.2468903; -0.09499999999999975
1624373778.8304524; -0.09750000000000014
1624373779.5608602; -0.09999999999999964
1624373780.2527184; -0.10250000000000004
1624373780.9699419; -0.10250000000000004
1624373781.560437; -0.10250000000000004
1624373782.1425614; -0.10250000000000004
1624373782.6792738; -0.09999999999999964
1624373783.4543507; -0.09750000000000014
1624373784.2100585; -0.09499999999999975
1624373784.9485023; -0.09250000000000025
1624373785.572308; -0.08999999999999986
1624373785.669572; -0.09750000000000014
1624373785.7342012; -0.09750000000000014
1624373785.766157; -0.09750000000000014
1624373785.8092618; -0.09750000000000014
1624373785.8461864; -0.09750000000000014
1624373785.896306; -0.09750000000000014
1624373785.9465265; -0.09750000000000014
1624373785.982735; -0.09750000000000014
1624373786.0272105; -0.09750000000000014
1624373786.1396997; -0.10500000000000043
1624373786.1786263; -0.10500000000000043
1624373786.2206287; -0.10500000000000043
1624373786.2774863; -0.10500000000000043
1624373786.3311243; -0.10500000000000043
1624373786.3776875; -0.10500000000000043
1624373786.4126725; -0.10500000000000043
1624373786.4766119; -0.10500000000000043
1624373786.5308125; -0.10500000000000043
1624373786.5911827; -0.10500000000000043
1624373786.6758308; -0.10500000000000043
1624373786.720558; -0.10500000000000043
1624373786.751372; -0.10500000000000043
1624373786.7975965; -0.10500000000000043
1624373786.8395042; -0.10500000000000043
1624373786.88116; -0.11249999999999982
1624373786.9176528; -0.11249999999999982
1624373786.9584415; -0.11249999999999982
1624373787.0152533; -0.11249999999999982
1624373787.0779881; -0.11249999999999982
1624373787.141109; -0.11249999999999982
1624373787.2231598; -0.11249999999999982
1624373787.2684503; -0.11249999999999982
1624373787.3101041; -0.11249999999999982
1624373787.350388; -0.11249999999999982
1624373787.4011347; -0.11249999999999982
1624373928.666823; 0.0028214285714298626
1624373929.2854383; -0.014722222222220083
1624373929.7092068; -0.04624999999999968
1624373930.1278548; -0.06282142857143036
1624373930.6735632; -0.08062500000000039
1624373931.3048673; -0.0987499999999999
1624373931.8058226; -0.1338214285714301
1624373932.3121037; -0.1462500000000002
1624373932.8006372; -0.15500000000000025
1624373933.3423386; -0.16500000000000004
1624373933.8944602; -0.16500000000000004
1624373934.5149271; -0.15000000000000036
1624373934.961707; -0.13750000000000018
1624373935.5159554; -0.11992857142857005
1624373936.0741432; -0.0674999999999999
1624373936.641195; -0.013250000000000206
1624373937.1857736; 0.010625000000000107
1624373937.7410448; 0.05687499999999979
1624373938.3745515; 0.09999999999999964
1624373938.9317064; 0.10885714285713988
1624373939.479553; 0.1200000000000001
1624373940.0402083; 0.1200000000000001
1624373940.5133848; 0.11062499999999975
1624373941.0072174; 0.05687499999999979
1624373941.5385425; 0.028500000000000192
1624373941.9805987; -0.005625000000000213
1624373942.4710267; -0.04124999999999979
1624373942.9564037; -0.11027777777777992
1624373943.4936125; -0.1275000000000004
1624373943.9191744; -0.15249999999999986
1624373944.3248165; -0.16046428571428972
1624373944.8525643; -0.16312499999999996
1624373945.47003; -0.15888888888888975
1624373946.049951; -0.1512500000000001
1624373946.554396; -0.1512500000000001
1624373947.037864; -0.14125000000000032
1624373947.5505648; -0.13187499999999996
1624373948.0759056; -0.12785714285714
1624373948.6999629; -0.1200000000000001
1624373949.1662717; -0.09250000000000025
1624373949.6763241; -0.08000000000000007
1624373950.1515892; -0.08067857142857005
1624373950.707554; -0.08687500000000004
1624373951.197294; -0.08000000000000007
1624373951.7152042; -0.08499999999999996
1624373952.2451355; -0.09010714285714005
1624373952.8242214; -0.09027777777778034
1624373953.326793; -0.08228571428572007
1624373953.9753242; -0.08187500000000014
1624373954.630091; -0.07249999999999979
1624373955.285745; -0.0694444444444402
1624373955.7495344; -0.05687499999999979
1624373956.2772794; -0.05062500000000014
1624373956.7310874; -0.047285714285719926
1624373957.1746054; -0.038750000000000284
1624373957.6064885; -0.03437499999999982
1624373958.094468; -0.030214285714290412
1624373958.500667; -0.030555555555560332
1624373958.917561; -0.03064285714286008
1624373959.345436; -0.03064285714286008
1624373959.9791613; -0.03000000000000025
1624373960.4967334; -0.04010714285715
1624373960.9708593; -0.05250000000000021
1624373961.466138; -0.054999999999999716
1624373961.9476328; -0.06500000000000039
1624373962.3923666; -0.0674999999999999
1624373962.8711464; -0.08000000000000007
1624373963.492493; -0.07000000000000028
1624373964.0757875; -0.07249999999999979
1624373964.6316385; -0.06500000000000039
1624373965.225146; -0.04583333333332984
1624373965.7895272; -0.04187500000000011
1624373966.295162; -0.03062499999999968
1624373966.7768793; -0.03000000000000025
1624373967.2250345; -0.037821428571430005
1624373967.6628501; -0.04999999999999982
1624373968.3009512; -0.04999999999999982
1624373968.8903992; -0.05999999999999961
1624373969.484986; -0.06696428571429003
1624373970.0600204; -0.07000000000000028
1624373970.643165; -0.07562499999999961
1624373971.1899257; -0.07687500000000025
1624373971.7412407; -0.07664285714286034
1624373972.3782275; -0.06874999999999964
1624373972.9165602; -0.06437500000000007
1624373973.4131749; -0.04532142857143029
1624373973.960881; -0.04027777777777963
1624373974.6303756; -0.023749999999999716
1624373975.2539058; -0.021250000000000213
1624373975.7131965; -0.02874999999999961
1624373976.3228452; -0.040000000000000036
1624373977.0465093; -0.042928571428570095
1624373977.595927; -0.053749999999999964
1624373978.2670295; -0.06374999999999975
1624373978.7185693; -0.07000000000000028
1624373979.2330208; -0.0674999999999999
1624373979.8285134; -0.06500000000000039
1624373980.3112411; -0.06187499999999968
1624373980.8060834; -0.06125000000000025
1624373981.3363144; -0.06160714285713986
1624373981.9108243; -0.06874999999999964
1624373982.4829106; -0.08624999999999972
1624373983.0035076; -0.11062499999999975
1624373983.4994195; -0.12624999999999975
1624373984.0608299; -0.15717857142857028
1624373984.5776577; -0.1849999999999996
1624373985.185787; -0.20999999999999996
1624373985.7402148; -0.22222222222221966
1624373986.3449566; -0.23514285714286043
1624373986.8716083; -0.23260714285714013
1624373987.3146508; -0.2443749999999998
1624373987.8857727; -0.2237499999999999
1624373988.3435087; -0.18100000000000005
1624373988.8573928; -0.15312500000000018
1624373989.3896399; -0.12375000000000025
1624373989.8556032; -0.06789285714286031
1624373990.4625912; -0.05250000000000021
1624373990.9471; -0.012500000000000178
1624373991.5612235; -0.003888888888890385
1624373992.0670984; 0.008750000000000036
1624373992.686698; 0.02164285714285974
1624373993.205075; 0.03646428571429006
1624373993.7382479; 0.028125000000000178
1624373994.204713; 0.004374999999999574
1624373994.674701; -0.013071428571429955
1624373995.1196852; -0.05187499999999989
1624373995.5392082; -0.09625000000000039
1624373995.9961545; -0.140625
1624373996.5313342; -0.21687499999999993
1624373997.077047; -0.24875000000000025
1624373997.6271117; -0.30574999999999974
1624373998.1657462; -0.3049999999999997
1624373998.7054887; -0.3049999999999997
1624373999.2799733; -0.2925000000000004
1624373999.886941; -0.30050000000000043
1624374000.444933; -0.2787499999999996
1624374000.9419127; -0.25555555555556
1624374001.5376022; -0.23500000000000032
1624374001.9494822; -0.1849999999999996
1624374002.41982; -0.16500000000000004
1624374002.9059582; -0.1422857142857099
1624374003.430617; -0.125
1624374003.882648; -0.10749999999999993
1624374004.446933; -0.125
1624374004.9303818; -0.1200000000000001
1624374005.5006645; -0.13135714285713984
1624374006.0006676; -0.12249999999999961
1624374006.6200545; -0.11624999999999996
1624374007.226194; -0.10062499999999996
1624374007.7388601; -0.09124999999999961
1624374008.2589831; -0.09625000000000039
1624374008.7682512; -0.08611111111111036
1624374009.360409; -0.09062500000000018
1624374009.9931197; -0.1028214285714304
1624374010.4234352; -0.11624999999999996
1624374010.9472044; -0.11624999999999996
1624374011.4340124; -0.1299999999999999
1624374011.918858; -0.14374999999999982
1624374012.4157264; -0.14444444444445015
1624374012.9580228; -0.13228571428571012
1624374013.5668657; -0.13085714285714012
1624374014.1531134; -0.11500000000000021
1624374014.6911647; -0.10749999999999993
1624374015.1903598; -0.10374999999999979
1624374015.6804886; -0.10749999999999993
1624374016.1872082; -0.1191666666666702
1624374016.8398392; -0.11875000000000036
1624374017.4379194; -0.12124999999999986
1624374018.133892; -0.1223928571428603
1624374018.8454468; -0.1200000000000001
1624374019.46404; -0.11000000000000032
1624374019.9309373; -0.11000000000000032
1624374020.4683025; -0.10527777777778002
1624374020.9265137; -0.10812500000000025
1624374021.4344404; -0.10374999999999979
1624374022.0104053; -0.1052142857142897
1624374022.5993123; -0.10696428571429006
1624374023.1649055; -0.10749999999999993
1624374023.7483711; -0.10749999999999993
1624374024.3439538; -0.09999999999999964
1624374024.8530614; -0.09999999999999964
1624374025.2901497; -0.08053571428570994
1624374025.8406806; -0.06083333333333041
1624374026.41948; -0.019999999999999574
1624374026.9136827; 0.019166666666669663
1624374027.4701595; 0.03437499999999982
1624374027.9742417; 0.07187500000000036
1624374028.5058415; 0.0887500000000001
1624374029.020704; 0.0987499999999999
1624374029.6140282; 0.09187499999999993
1624374030.2008166; 0.08446428571428033
1624374030.7332618; 0.08446428571428033
1624374031.3193986; 0.0625
1624374031.867906; 0.04499999999999993
1624374032.358889; 0.03138888888889024
1624374032.8839686; 0.004374999999999574
1624374033.3712215; -0.029444444444440165
1624374033.8578086; -0.029444444444440165
1624374034.3229077; -0.03375000000000039
1624374034.9447885; -0.008750000000000036
1624374035.491983; 0.013611111111109686
1624374035.9726152; 0.012500000000000178
1624374036.4778903; 0.009999999999999787
1624374036.981978; 0.004357142857140062
1624374037.5036104; -0.0012499999999997513
1624374037.9846344; -0.007500000000000284
1624374038.5028305; -0.01903571428571027
1624374039.0532823; -0.020624999999999893
1624374039.764741; -0.003750000000000142
1624374040.438932; -0.003750000000000142
1624374041.0416207; 0.014375000000000249
1624374041.6704395; 0.03292857142857031
1624374042.2127562; 0.053124999999999645
1624374042.7118897; 0.07749999999999968
1624374043.375661; 0.0987499999999999
1624374043.8904803; 0.11749999999999972
1624374044.48031; 0.11749999999999972
1624374044.9996672; 0.125
1624374045.4870636; 0.11678571428570983
1624374046.1582181; 0.08000000000000007
1624374046.7370827; 0.04875000000000007
1624374047.316589; -0.005625000000000213
1624374048.0070102; -0.03624999999999989
1624374048.5656693; -0.09750000000000014
1624374049.1832952; -0.09750000000000014
1624374049.747278; -0.09750000000000014
1624374050.284192; -0.09499999999999975
1624374050.9550242; -0.09499999999999975
1624374051.534273; -0.09250000000000025
1624374052.1345103; -0.08999999999999986
1624374052.755944; -0.09750000000000014
1624374053.4476478; -0.10500000000000043
1624374054.1772861; -0.10500000000000043
1624374054.7112448; -0.11249999999999982
1624374055.34282; -0.09096428571429005
1624374055.9107141; -0.031178571428569946
1624374056.500195; 0.023714285714279804
1624374057.1533322; 0.04833333333333023
1624374057.8004894; 0.09999999999999964
1624374058.4238183; 0.12361111111111
1624374058.9782927; 0.13742857142857012
1624374059.603489; 0.13999999999999968
1624374060.232094; 0.13250000000000028
1624374060.8333514; 0.125
1624374061.3774242; 0.11000000000000032
1624374061.965618; 0.08964285714286024
1624374062.6136637; 0.0625
1624374063.2996523; 0.03249999999999975
1624374063.9149485; 0.027499999999999858
1624374064.512481; 0.022178571428569605
1624374065.1097126; 0.04875000000000007
1624374065.7103925; 0.08187500000000014
1624374066.3760028; 0.12875000000000014
1624374067.08571; 0.14250000000000007
1624374067.7178667; 0.14749999999999996
1624374068.2920885; 0.125
1624374068.96808; 0.07611111111110969
1624374069.5020773; 0.037499999999999645
1624374070.0533922; -0.00972222222222019
1624374070.6862924; -0.053607142857139856
1624374071.220569; -0.08878571428571025
1624374071.7401106; -0.09375
1624374072.3109918; -0.10125000000000028
1624374072.865044; -0.08624999999999972
1624374073.456684; -0.07125000000000004
1624374074.1341376; -0.05062500000000014
1624374074.714518; -0.03000000000000025
1624374075.1882446; -0.03500000000000014
1624374075.7067537; -0.03249999999999975
1624374076.3022447; -0.037499999999999645
1624374076.794548; -0.03944444444443995
1624374077.3464684; -0.07500000000000018
1624374077.8915975; -0.09124999999999961
1624374078.4075603; -0.10625000000000018
1624374078.945947; -0.10972222222221983
1624374079.4425364; -0.10967857142856996
1624374079.9483683; -0.11425000000000018
1624374080.5001473; -0.1191666666666702
1624374081.1464367; -0.1191666666666702
1624374081.702951; -0.12312499999999993
1624374082.2872176; -0.1247222222222204
1624374082.8018613; -0.1223928571428603
1624374083.2990599; -0.11239285714285963
1624374083.8405657; -0.10472222222221994
1624374084.355974; -0.09717857142856978
1624374084.8869731; -0.08999999999999986
1624374085.4173698; -0.07749999999999968
1624374086.0390284; -0.07624999999999993
1624374086.5411854; -0.07749999999999968
1624374087.0548413; -0.08032142857143043
1624374087.5723317; -0.08000000000000007
1624374088.0091503; -0.07557142857142995
1624374088.5090606; -0.06437500000000007
1624374089.009228; -0.06125000000000025
1624374089.5639226; -0.04375000000000018
1624374090.1751204; -0.04194444444444034
1624374090.6546159; -0.05660714285713997
1624374091.1304798; -0.07599999999999962
1624374091.787963; -0.08499999999999996
1624374092.35091; -0.09999999999999964
1624374092.905859; -0.1141666666666703
1624374093.4466612; -0.11875000000000036
1624374093.9957163; -0.13187499999999996
1624374094.5840397; -0.13760714285714037
1624374095.306577; -0.14510714285713977
1624374095.9104826; -0.15000000000000036
1624374096.4689295; -0.15000000000000036
1624374097.0493164; -0.1587500000000004
1624374097.5721612; -0.14250000000000007
1624374098.133826; -0.1349999999999998
1624374098.6698475; -0.1275000000000004
1624374099.2698402; -0.11749999999999972
1624374099.7550151; -0.09999999999999964
1624374100.2441733; -0.08053571428570994
1624374100.7313275; -0.054999999999999716
1624374101.2787352; -0.017285714285719678
1624374101.782123; 0.002500000000000391
1624374102.3318892; 0.042500000000000426
1624374102.8927884; 0.06207142857143033
1624374103.5272202; 0.05999999999999961
1624374104.1128564; 0.054357142857139884
1624374104.7457561; 0.054357142857139884
1624374105.3079767; 0.02874999999999961
1624374105.836235; 0.023125000000000284
1624374106.4150476; -0.004999999999999893
1624374107.0414596; -0.02771428571429002
1624374107.6577752; -0.035624999999999574
1624374108.2010298; -0.04375000000000018
1624374108.7862217; -0.023749999999999716
1624374109.4010806; 0.0
1624374110.1352634; 0.03000000000000025
1624374110.72721; 0.03944444444443995
1624374111.2977345; 0.033928571428569754
1624374111.868573; 0.03125
1624374112.459729; 0.009999999999999787
1624374113.0041678; 0.0008333333333299109
1624374113.5678306; -0.020624999999999893
1624374114.0660028; -0.03861111111111004
1624374114.5864992; -0.040000000000000036
1624374115.26528; -0.039678571428569676
1624374115.9729328; -0.040750000000000064
1624374116.7317472; -0.053749999999999964
1624374117.3128984; -0.07000000000000028
1624374118.0073597; -0.0674999999999999
1624374118.5934114; -0.06416666666666959
1624374119.2878292; -0.06416666666666959
1624374119.9533296; -0.03437499999999982
1624374120.580984; -0.026250000000000107
1624374121.2280555; 0.008607142857139927
1624374121.8777776; 0.04142857142857004
1624374122.4670665; 0.04875000000000007
1624374123.0127766; 0.028611111111110255
1624374123.6031053; 0.0031249999999998224
1624374124.1086905; -0.02874999999999961
1624374124.5851195; -0.09250000000000025
1624374125.0742114; -0.08999999999999986
1624374125.6353755; -0.08999999999999986
1624374126.1823726; -0.08999999999999986
1624374126.7038722; -0.09750000000000014
1624374127.241914; -0.10500000000000043
1624374127.7736154; -0.10500000000000043
1624374128.3091447; -0.11249999999999982
1624374128.7406468; -0.1200000000000001
1624374129.2943516; -0.1200000000000001
