59.86908480141; 30.30070890144053
59.86908481693917; 30.300709559916047
59.86908495952135; 30.300710946126422
59.86908543671991; 30.300712795143475
59.86908610036893; 30.300714152481092
59.86908693605465; 30.300715133046218
59.86908772348494; 30.30071560196291
59.8690883630103; 30.300715718041076
59.869088830719356; 30.30071562503438
59.86908920036303; 30.300715383646846
59.869089450288; 30.30071507245442
59.869089616115; 30.30071472966175
59.8690897132376; 30.300714404294304
59.86908976654231; 30.300714092706016
59.86908978751305; 30.30071379625062
59.86908978363568; 30.30071352928622
59.8690897617114; 30.300713285412353
59.86908972805663; 30.300713072759727
59.869089689817365; 30.300712898660667
59.86908964589863; 30.30071274001422
59.86908960343641; 30.300712611747457
59.86908956136238; 30.30071250145118
59.869089519600614; 30.300712404296654
59.86908947966476; 30.30071232040504
59.86908944389939; 30.30071225173505
59.869092577512745; 30.300716737958567
59.869092490873; 30.300716610302707
59.86909204418425; 30.30071575563794
59.869091594559414; 30.300714426689535
59.86909134447797; 30.30071284483773
59.86909135580862; 30.300711480675375
59.86909153873035; 30.300710370674388
59.86909178313491; 30.300709619591835
59.86909207003581; 30.300709084235415
59.869092370788664; 30.30070874496672
59.86909264480076; 30.300708571243977
59.86909289978157; 30.30070850144366
59.86909314181668; 30.300708507282174
59.869093353851554; 30.300708569296763
59.86909352700176; 30.300708661326077
59.86909367549058; 30.30070877303376
59.86909381428593; 30.300708908687426
59.869093922381516; 30.300709039478242
59.86909400684506; 30.30070916076071
59.86909407665559; 30.30070927663518
59.86909413792253; 30.30070939350817
59.86909418952966; 30.300709505708763
59.869094229314115; 30.300709602905286
59.869094261829694; 30.30070969130398
59.86909428899265; 30.300709772864494
59.86909430083948; 30.300709817008123
59.86909446612246; 30.30071052414398
59.869094779018205; 30.30071192927609
59.86909519272765; 30.30071390314802
59.86909568658353; 30.300716461344336
59.86909619534223; 30.30071939064892
59.86909663343474; 30.300722231790203
59.86909709051787; 30.300725630201587
59.86909749856134; 30.30072918992376
59.86909785504925; 30.300732869205287
59.869098165325276; 30.3007366368438
59.869098513000274; 30.300741551341968
59.86909877718977; 30.300745649302726
59.86909904166496; 30.300749796780003
59.86909930367032; 30.300753719126647
59.86909960698093; 30.300757897959677
59.86910009831512; 30.300768382242666
59.86910017048436; 30.30076886608977
59.86910040274657; 30.300770439538965
59.86910070737153; 30.30077255139932
59.8691011119942; 30.300775467481223
59.86910148569759; 30.30077830214131
59.869101911813075; 30.300781732712707
59.86910226948929; 30.30078479615037
59.86910270668603; 30.300788783768787
59.869103046566416; 30.30079206794688
59.8691033977653; 30.300795616558887
59.86910374354049; 30.30079923425457
59.86910406500927; 30.30080266655923
59.8691044275537; 30.30080655753577
59.86910475452685; 30.300810034811036
59.86910517425071; 30.300814397653006
59.8691055447113; 30.300818123602543
59.8691059050941; 30.300821626206453
59.869106373740365; 30.300826006887338
59.869106787184016; 30.30082972196216
59.86910729334182; 30.30083410164827
