59.86912975367309; 30.30070889945332
59.86912978251293; 30.300709797667288
59.86913007644913; 30.300711796995685
59.86913081764972; 30.300713883612282
59.869131862006114; 30.300715346762708
59.869132965354524; 30.30071603159669
59.869133862330024; 30.300716077269808
59.86913450740614; 30.300715799190527
59.8691349176632; 30.300715410217133
59.86913517084336; 30.300714968231915
59.869135296949366; 30.30071454270133
59.869135339794525; 30.30071414467519
59.86913532306973; 30.300713766850603
59.86913527101339; 30.30071346548056
59.869135191516236; 30.30071319092611
59.869135098510185; 30.30071296152053
59.8691349997274; 30.300712772036206
59.869134903152684; 30.300712621444312
59.869134803728606; 30.300712492321708
59.869134709586376; 30.3007123892907
59.86913462170986; 30.30071230742574
59.86913454510345; 30.30071224595501
59.86913447549531; 30.300712197264577
59.86913440990553; 30.300712157185448
59.86913435186067; 30.300712126360256
59.86913432621787; 30.300712116085
59.86913387339081; 30.30071197802838
59.86913287639171; 30.300711697073773
59.86913150243386; 30.300710813788122
59.86913154647256; 30.300710799226877
59.86913151083814; 30.300710791056318
59.86913142994559; 30.300710790131195
59.869131328573616; 30.30071079782583
59.86913121473993; 30.30071081501828
59.869131099411895; 30.300710841306866
59.86913099174707; 30.300710874187327
59.86913089204427; 30.300710912196763
59.86913080165166; 30.300710953560184
59.86913072079997; 30.30071099669216
59.86913064746836; 30.300711041337657
59.869130585660045; 30.300711083484163
59.86913052974915; 30.300711125660918
59.86913048106173; 30.300711165804948
59.86913046770642; 30.300711178193882
59.86913006037559; 30.30071161103907
59.86912916349524; 30.30071259943478
59.86912798866306; 30.300713949808912
59.86912667893336; 30.3007155250294
59.86912540412822; 30.30071712617906
59.86912378558786; 30.30071925138015
59.8691221032883; 30.300721563057763
59.869120483563805; 30.300723877994763
59.8691161713533; 30.300729965015982
59.869116028804044; 30.300730082864476
59.86911585727863; 30.30073028364105
59.86911565676226; 30.300730531263113
59.86911545891646; 30.300730761025015
59.869115259160274; 30.30073096664703
59.869115060327886; 30.30073114092301
59.86911486223603; 30.300731283449586
59.869114679065284; 30.300731387125822
59.869114507107945; 30.300731459811907
59.8691143497956; 30.30073150554888
59.86911420284825; 30.300731529874852
59.86911407108663; 30.300731536214048
59.8691139507121; 30.300731528671577
59.86911384987312; 30.30073151202678
59.86911376085792; 30.300731489269673
59.86911368341109; 30.30073146302872
59.86911361583942; 30.300731434864772
59.86911355619523; 30.300731405755613
59.869113506633106; 30.300731378136216
59.869113453568765; 30.300731343918798
59.869111454795245; 30.300729766591267
59.86910644586497; 30.300726327654512
59.86909971386698; 30.300723048501006
59.869092309005865; 30.30072124173002
59.869084394155166; 30.30072127725755
59.86907660740381; 30.300723159787424
59.86906913371284; 30.300726768263544
59.86906232689933; 30.300731939562116
59.86906176394371; 30.300732461692835
59.86905859329974; 30.300735607145015
59.86905595747177; 30.300738535366673
59.86905348469333; 30.30074163200998
59.86905127879213; 30.30074477281707
59.869049301505086; 30.300747983977075
59.86904771233508; 30.30075090840257
59.86904609159421; 30.300754280093336
59.8690446999589; 30.300757547583963
59.86904336376559; 30.300761053749035
59.86904219302626; 30.300764443022715
59.86904103915328; 30.300768068848008
59.869039947360214; 30.300771728386955
