49.89888495604502; 8.90165916712842
49.898866421568734; 8.901653509586332
49.898866801851774; 8.901635778153244
49.8989918697797; 8.901456682158223
49.898952754614776; 8.90134102521441
49.898947930538405; 8.901322368123532
49.89895111210225; 8.901317175024598
49.89918754473426; 8.901193095471971
49.89907815195986; 8.900932118801927
49.89927493551104; 8.900971167200474
49.899150897910616; 8.900730891562048
49.89945038419541; 8.900831671469568
49.899235749463536; 8.900531835281926
49.89962523133476; 8.900694999722576
49.8993339556841; 8.900342264458594
49.899736271341915; 8.900642109498067
49.89937487782767; 8.900135532561308
49.89974346433427; 8.900431839665812
49.899413792987296; 8.900085567665961
49.89966596837849; 8.900220268899506
49.89958492463603; 8.900090131728954
49.89966273756705; 8.900088299122439
49.89967990840377; 8.900085693754937
49.89968342723808; 8.900081502471787
49.89968567210674; 8.900080955862434
