49.899998600751104; 8.900043729427065
49.89999012288836; 8.900060973043175
49.89998027372073; 8.900080721552204
49.8999708350518; 8.90009956582465
49.89996058955012; 8.900120070512592
49.89995095542027; 8.900139554522957
49.899941311104854; 8.900159074853534
49.89993081107462; 8.900180243317301
49.899920081036534; 8.900201857437192
49.89990930319709; 8.900223364799295
49.89989887831614; 8.90024403919303
49.89988796022143; 8.900265631483846
49.899878386786; 8.90028429159412
49.89986767544166; 8.900304963191056
49.89985684145207; 8.900325753378393
49.89984577098977; 8.90034689281017
49.89983489241463; 8.900367546676272
49.89982339971594; 8.90038938447201
49.89981234086975; 8.900410287312278
49.89980088609149; 8.900431674748042
49.89978970189433; 8.900452230378315
49.89977825843306; 8.900473041962508
49.89976659359323; 8.90049407634289
49.89975497603267; 8.900514936888767
49.899743291542734; 8.900535886778576
49.899731315402995; 8.900557370334559
49.899719283698786; 8.900578867962642
49.89970702547484; 8.9006006412591
49.899695062372196; 8.900622035937456
49.89968292697317; 8.900643713016
49.899671723003664; 8.900663510103923
49.89966143821963; 8.900681512947312
49.89965042077008; 8.90070046531649
49.89963961076835; 8.900718781880379
49.89962948332341; 8.900735838265508
49.89961872419665; 8.900753914022271
49.899607652404384; 8.90077241739901
49.899596217929336; 8.900791437788959
49.899583572225914; 8.900812412057373
49.89957116009669; 8.900832860543199
49.89955866813325; 8.900853334926051
49.89954583647422; 8.90087425026661
49.89953292555127; 8.900895053507446
49.899520380024946; 8.900915039636109
49.89950777388844; 8.900934954251301
49.89949450393293; 8.900955782921113
49.8994816427029; 8.900975851215174
49.899469239292955; 8.900995101474528
49.89945708514245; 8.901013844909883
49.89944434218054; 8.901033251237742
49.89943102347794; 8.901053131125096
49.89941808281899; 8.901072157798918
49.899404614484396; 8.901091873368369
49.899391152040685; 8.901111615463073
49.89937651914871; 8.901132981095255
49.899363124366886; 8.901152397349122
49.89934816061496; 8.901173802349113
49.89933409758282; 8.901193602417948
49.89932044527115; 8.901212631758995
49.89930481453257; 8.901233959763134
49.89929128317046; 8.901252127148306
49.89927853788465; 8.901269022630496
49.899265523642214; 8.901286004190414
49.89925274159251; 8.901302356844573
49.899238807883904; 8.901319842936232
49.89922528048183; 8.901336540679607
49.89921184302754; 8.901352808578237
49.8991981518033; 8.90136913848318
49.89918489800541; 8.901384691097057
49.899170486256864; 8.90140137288714
49.89915674732672; 8.901417028796462
49.899141120649794; 8.901434595267078
49.89912451862289; 8.901453039428475
49.89910853065176; 8.901470400041491
49.89909178736722; 8.901487959297839
49.89907503944891; 8.901504843290258
49.89905849213432; 8.901520963028515
49.89904145829608; 8.901537069285041
49.899024457638646; 8.90155256469833
49.899007296588984; 8.901567728997817
49.89899001568679; 8.901582529030595
49.89897278866517; 8.901596730807077
49.89895556054281; 8.901610329956224
49.89893791420677; 8.901623554158892
49.89892016945209; 8.901636211106414
49.8989012031756; 8.901648917419095
49.898867672703346; 8.901628311920561
49.898876178016636; 8.901613845153378
49.89888812925673; 8.90159399413719
49.89890066247788; 8.901574010502575
49.89891290178194; 8.901555450753053
49.89892451462675; 8.901538674949727
49.898937835293374; 8.901520313423767
49.89895073685459; 8.901503397405763
49.89896421678331; 8.90148687612707
49.8989781845638; 8.901471045866483
49.899001905558144; 8.901434667927472
49.89899559195769; 8.901419968253384
49.898985664120495; 8.901398957639506
49.898975074439996; 8.901378537326382
49.89896394477375; 8.90135894301647
49.89895214125769; 8.901314777547764
49.89896233392751; 8.901308001185074
49.89897662863696; 8.901298766871141
49.89899202360111; 8.901289208616335
49.89900750026908; 8.901279978320845
49.89902313471811; 8.901270965443265
49.89903917515787; 8.90126208958955
49.899055217744994; 8.901253589304998
49.899071802272175; 8.901245050809859
49.899088319616496; 8.901236800885286
49.89910483456567; 8.901228865937176
49.899121060501585; 8.901221326340613
49.899138025347675; 8.901213766526556
49.89915451613171; 8.901206676919466
49.8991714930604; 8.901199586060766
49.899200889439726; 8.901174821177365
49.899195226550106; 8.901158289619573
49.8991866936273; 8.901135873311548
49.89917764153062; 8.901113904359907
49.89916791387921; 8.90109162381021
49.89915804007082; 8.901070090563522
49.89914802397484; 8.901049395465204
49.89913735268053; 8.901028475360315
49.899126410984955; 8.901008066294564
49.89911508960708; 8.90098810370032
49.899102832070454; 8.900967938904081
49.899089999101065; 8.900948474593172
49.89907438446642; 8.90091140772036
49.89908638247246; 8.900913099526289
49.899103039449834; 8.900916567150105
49.89911980859509; 8.900921119988396
49.89913664267919; 8.900926371905749
49.899153533844455; 8.900931989432245
49.89917066596638; 8.900937863236251
49.89918792101048; 8.900943786067495
49.89920529657418; 8.90094956305248
49.89922276133429; 8.900955272510258
49.89924049331418; 8.900960920961735
49.89925850796606; 8.900966397627231
49.899289506717714; 8.900961131058093
49.89928314183363; 8.9009453201678
49.89927384634817; 8.900924363818753
49.89926416521905; 8.900904208298094
49.89925347653304; 8.900883302983324
49.89924207084869; 8.90086233357103
49.899230337322784; 8.900842038739128
49.8992181951932; 8.900822151413042
49.89920532324942; 8.900802150377174
49.8991923853584; 8.90078310232648
49.89917852266277; 8.90076396050128
49.89916476443435; 8.900746604448459
49.89914648202401; 8.900711569355321
49.89915823955819; 8.900714738542366
49.899174466950384; 8.900720194576662
49.89919137181535; 8.900726811384553
49.899208110196156; 8.900733944958079
49.89922495215638; 8.90074134260667
49.89924205410905; 8.900748932076135
49.89925925751711; 8.900756467589373
49.899276360921256; 8.900763779607479
49.89929334129939; 8.900771035136055
49.89931037529413; 8.90077823926674
49.89932857053132; 8.900785833419222
49.89934624812959; 8.900793006792677
49.89936336321953; 8.900799796714505
49.899380967681644; 8.900806683659534
49.899398397581145; 8.900813373152245
49.89941594622513; 8.900819801521747
49.89943376446395; 8.900826081062856
49.89946507407744; 8.90082073592815
49.89945721925796; 8.900805566544834
49.89944572379236; 8.900785296847278
49.899433604204575; 8.900765490779937
49.89942119742004; 8.900746288983743
49.899408555639624; 8.900727259197716
49.89939533086641; 8.900708024139957
49.899381903406386; 8.900689424854077
49.899368527016236; 8.90067161200848
49.899354873621824; 8.900654090424723
49.899341117807964; 8.900637142466078
49.899327287408454; 8.900620781639715
49.899313163147326; 8.900604886929512
49.8992976252567; 8.900588411840197
49.89928230327586; 8.900573054724997
49.899266712978886; 8.900558315130985
49.89925099981166; 8.900544434271174
49.89923060182648; 8.900513590848838
49.89924305461963; 8.900517944469225
49.89925965328647; 8.900524992692796
49.89927688852872; 8.900533357548419
49.89929374769577; 8.900542068767557
49.899310596404845; 8.900551102576006
49.89932747643661; 8.900560445875826
49.89934407186335; 8.900569507394001
49.899360563664224; 8.90057827386874
49.899378168122865; 8.900587460091245
49.89939526879413; 8.900596218197917
49.899413030726286; 8.9006052222509
49.89943067571229; 8.900614068260984
49.89944815551425; 8.900622802767312
49.89946549955016; 8.900631263631837
49.89948315911401; 8.90063950096976
49.89950114404185; 8.900647475720143
49.899518418989835; 8.90065483607899
49.89953640512756; 8.900662175840518
49.89955363081964; 8.900668940459145
49.89957197893421; 8.900676003545536
49.899590148563554; 8.900682833478223
49.899608186413346; 8.900689259337808
49.89963980452994; 8.900683350165012
49.89963096363027; 8.900668083507803
49.899618633775994; 8.900648636340538
49.899606242647934; 8.900630259176925
49.8995934161471; 8.90061194580931
49.89958001228593; 8.900593431945204
49.899566322179226; 8.900575286538023
49.89955295457789; 8.900558288452757
49.89953860280299; 8.90054049104644
49.899524075445264; 8.900522870361984
49.899509025123024; 8.900505045001234
49.89949406988214; 8.900487949362606
49.89947898731828; 8.900471575429687
49.89946328813365; 8.900455283479916
49.89944755460035; 8.900439576794291
49.899431623153994; 8.900424122606895
49.89941576124019; 8.900409241895032
49.899399894371854; 8.90039485914652
49.899382850926784; 8.900380012615623
49.89936598487015; 8.90036603069083
49.89934919987636; 8.90035311532418
49.89932105598144; 8.900347777158201
49.899331696911354; 8.900360179867763
49.899346078938116; 8.900375681855753
49.89936136367975; 8.90039081418668
49.899377031451984; 8.900405351727084
49.89939262534129; 8.900419131432045
49.899408620631085; 8.900432634786927
49.89942460550909; 8.900445733873198
49.8994409356092; 8.900458813829907
49.899457598232665; 8.900471833370988
49.899474405929666; 8.900484627503726
49.899491389628935; 8.900497240036898
49.89950807417353; 8.900509279203886
49.89952471745059; 8.900521001042982
49.89954202281281; 8.90053283116255
49.89955943614262; 8.900544447102774
49.89957676964695; 8.900555759666934
49.89959442352062; 8.900566895087568
49.89961183579357; 8.900577398647386
49.89962952720572; 8.90058768284308
49.89964751153677; 8.900597762802803
49.89966517225415; 8.900607256235617
49.89968317757477; 8.900616644559802
49.899701233438634; 8.900625777968036
49.89971966079365; 8.900634608763337
49.89975157705439; 8.90063172230981
49.89974408345268; 8.90061590043805
49.89973310254542; 8.900594608128012
49.89972142268527; 8.900573303564435
49.899708963003484; 8.90055157892933
49.899696772389106; 8.900531068121303
49.89968421604689; 8.900510476773265
49.89967135951141; 8.900489717043863
49.89965895638527; 8.900469923276038
49.89964558564983; 8.900449132035153
49.89963209353714; 8.900428898571144
49.89961823525853; 8.900408613694596
49.899604220894574; 8.900388470176045
49.89959024981663; 8.900368663468
49.899576431810424; 8.900349591781401
49.89956256317865; 8.900331000607444
49.8995482807102; 8.900312471169736
49.89953326096391; 8.900293595343168
49.89951875704723; 8.900275939898542
49.899503831043404; 8.900258463308809
49.899488482558034; 8.900241260597456
49.899472655607; 8.900224301835523
49.899456831702835; 8.900207948498025
49.89944048257074; 8.900191627755634
49.89942420726503; 8.90017628794422
49.89940747108553; 8.900161450609392
49.89939082125361; 8.900147690927906
49.89936207321539; 8.90014161449908
49.8993732082948; 8.90015506658781
49.89938766035433; 8.900171306267573
49.89940277236304; 8.900187042253473
49.899418425094126; 8.900202313018163
49.89943390677446; 8.900216531790024
49.89944966181663; 8.900230354577294
49.899465516515065; 8.90024397126056
49.8994820709101; 8.900257847508
49.89949819570615; 8.900271025814405
49.89951484571463; 8.900284312784098
49.89953168011385; 8.900297345726209
49.8995486513826; 8.900310061967145
49.899566158734366; 8.90032272243063
49.89958361344985; 8.900334983426957
49.89960094073173; 8.900347055074263
49.89961837020525; 8.90035903106286
49.89963607582297; 8.900370789243675
49.89965370350116; 8.900382159503998
49.89967209237326; 8.900393512436938
49.89969002692079; 8.900404039435365
49.899708328637644; 8.900414156985649
49.89972680159659; 8.90042375326025
49.89975776818953; 8.900421552554763
49.89974802660458; 8.900406727232198
49.89973442413966; 8.900387852187606
49.899720463436026; 8.900369723765724
49.899706149050985; 8.900352028670392
49.89969137752142; 8.900334428723095
49.89967639327291; 8.900317102099196
49.899661034113386; 8.90029979435496
49.8996454481288; 8.900282721643595
49.899629465131696; 8.900265690584291
49.89961349323436; 8.900249256518785
49.89959708746012; 8.900232975428125
49.89958110922727; 8.900217444684682
49.89956498856428; 8.900202097682309
49.89954866028445; 8.900187071351894
49.89953270035962; 8.900172982163088
49.899515944978646; 8.900158820215259
49.89949942375643; 8.900145359491766
49.89948252421574; 8.900132191132789
49.89946523487983; 8.900119387053843
49.899447947126035; 8.900107218817991
49.899430039298544; 8.900095462162783
49.89940239029169; 8.900092627303732
49.89941451405868; 8.900102093910352
49.89943086796366; 8.900113644748904
49.89944805318862; 8.90012459387635
49.89946519496328; 8.900134546474007
49.899483148961785; 8.900144224207457
49.89950130086968; 8.900153360977367
49.89951899549966; 8.900161851662887
49.899536811879166; 8.900170024318655
49.89955497535313; 8.900177930918534
49.89957328507178; 8.90018551990091
49.89959167639854; 8.900192905964698
49.89961099428991; 8.900200443931618
49.899630016433235; 8.900207594516077
49.89964890412293; 8.900214386005414
49.89968013646507; 8.900209271692612
49.899670797807126; 8.90019389859179
49.899657659094785; 8.900174502472563
49.8996438437962; 8.900155995834577
49.89962916354782; 8.900137707257507
49.89961450968073; 8.900120716111557
49.89959906469027; 8.900104124608026
49.89957968801029; 8.900072321821675
49.89959273938003; 8.900073392765167
49.89961064780516; 8.900076061326867
49.89962848047628; 8.90007969652525
49.89964660424063; 8.900084071122627
