59.869144105693884; 30.301042623281727
59.8691416922738; 30.30102053418576
59.86913715881726; 30.3009810169533
59.869131709643874; 30.300938813627276
59.86912583133488; 30.300897840654834
59.869119569929545; 30.300854830062043
59.86911353839461; 30.300812233208717
59.86910743913605; 30.300769700121954
59.86908598774928; 30.300636961155966
59.86908871879091; 30.300658312996987
59.869093422284095; 30.300698675431107
59.86909738515737; 30.30074181098901
59.86910049516692; 30.3007855685778
59.86910360453389; 30.300829890197083
59.86910727935625; 30.300872583728435
59.8691120354869; 30.300916059670627
59.86911786172127; 30.300959767693477
59.86912426670997; 30.30100168354076
59.869131300827846; 30.3010438673734
59.86913905752964; 30.301086299241447
59.86917674727397; 30.301206957744874
59.86917164761588; 30.30118627819669
59.869161837003396; 30.30114866615491
59.86915064259628; 30.30110980874396
59.86913838403546; 30.301070684218836
59.86912578562397; 30.301031693227653
59.86911289763703; 30.300991813103884
59.86909980230596; 30.30095204834894
59.86908636848114; 30.300913769665534
59.869071615289435; 30.30087606035741
59.86905494743487; 30.30083968490964
59.86903542327326; 30.300806330696897
59.86895517658663; 30.300794890263404
59.868960095198354; 30.300815997469904
59.86896887805118; 30.300853215377288
59.86897841818936; 30.30089363108582
59.86898793140619; 30.300933502433438
59.868998039265826; 30.30097362008572
59.86900924806584; 30.30101415586026
59.8690215659723; 30.30105445896821
59.869034542454436; 30.301093714384606
59.86904809762848; 30.30113193729943
59.869062771020346; 30.301169727280474
59.8690787095977; 30.30120625918589
59.86909583987277; 30.30124016360244
59.869115625853695; 30.30127176990869
59.8691936177561; 30.301288994285436
59.86918663808687; 30.3012690640808
59.86917312599809; 30.301234213962566
59.86915691993966; 30.301198605964373
59.869139088473034; 30.301164333870286
59.86912076587674; 30.301131231246377
59.869101573335215; 30.30109726909655
59.869082491821274; 30.301064526035802
59.869063112652846; 30.301033629777425
59.86904225984616; 30.301004414383396
59.868967248678054; 30.300931927152966
59.86897127590131; 30.300952843550224
59.868978759783474; 30.30099216138686
59.86898641846615; 30.301034647232825
59.86899373851077; 30.30107612947654
59.86900202318168; 30.30111938007768
59.86901108036137; 30.30116118523822
59.86902095021741; 30.301201980091406
59.8690315916923; 30.30124235362606
59.86904344603969; 30.301283574505742
59.86905607146775; 30.301323097352565
59.86907030809536; 30.301361836791713
59.86908640516215; 30.301396865900287
59.86915824969526; 30.301408821211723
59.869148973754406; 30.301391646974132
59.86913165535999; 30.301362507763514
59.8691107300011; 30.301332661734754
59.869088425457065; 30.3013053982341
59.869065078578274; 30.30127931530754
59.8690423695644; 30.301255296641564
59.86901832472147; 30.301231663748247
59.868994069702296; 30.301210596485774
59.868911160681634; 30.301163868381067
59.868917953278334; 30.301185622207946
59.86892967068951; 30.301222877902212
59.86894203243763; 30.301262099130593
59.868954702891635; 30.30130152280585
59.868967962651496; 30.301340540777588
59.86898261838151; 30.30137953366099
59.868998587912344; 30.30141661974472
59.86901564626298; 30.30145061217875
59.86903469906421; 30.301482673208742
59.86905535167607; 30.30151061145674
59.86913605612369; 30.301530072987422
59.869125266603916; 30.301514544858684
59.86910520316346; 30.30148829516072
59.869082586967394; 30.3014632205398
59.86905805474006; 30.301440048176687
59.86903336534663; 30.301419098701537
59.86900827160924; 30.30139939323274
59.868982412302756; 30.301380915827288