49.900013561330894; 8.899961170634066
49.90001356956735; 8.899961152424162
49.900013590361795; 8.89996109329786
49.90001361022081; 8.899960993424457
49.90001362998614; 8.899960853166112
49.90001364906738; 8.899960739312787
49.90001368623779; 8.899960546712295
49.9000137423351; 8.899960392320393
49.90001379538396; 8.899960242863445
49.90001385099126; 8.899960013585071
49.9000138957348; 8.899959665249758
49.90001392603347; 8.89995940968763
49.900013971354895; 8.899959066470585
49.90001402147756; 8.899958702810045
49.90001407499133; 8.899958323424046
49.90001413012993; 8.899957901644155
49.90001419027152; 8.899957444134825
49.900014263577; 8.899956860862073
49.90001432862092; 8.899956342146956
49.90001441281719; 8.899955687523118
49.90001450067862; 8.899954985495874
49.90001456584831; 8.899954464393707
49.90001462776651; 8.89995397269457
49.90001472848882; 8.899953171152294
49.900014804823215; 8.899952563516758
49.90001488894821; 8.899951899655308
49.90001500926744; 8.89995095833949
49.90001510250828; 8.899950220063483
49.90001520585628; 8.89994939992229
49.900015269722005; 8.899948894432205
49.900015330778885; 8.899948403718092
49.900015450955586; 8.899947447737217
49.900015543604106; 8.89994671530427
49.90001567950346; 8.899945625794983
49.900015729727556; 8.899945226230017
49.90001582073567; 8.899944495237193
49.90001594148557; 8.899943539393941
49.90001601756103; 8.899942937363024
49.90001610326484; 8.899942275755876
49.90001622267859; 8.899941337531176
49.90001629856167; 8.899940733485765
49.900016384582976; 8.89994004957642
49.900016482203085; 8.899939274543234
49.90001657871887; 8.899938505273365
49.90001666443921; 8.89993782217606
49.90001672661667; 8.89993732596107
49.900016839922245; 8.89993641824382
49.90001690845828; 8.89993587183915
49.90001698471675; 8.899935266473168
49.900017068588774; 8.899934597595097
49.9000171707014; 8.899933781929402
49.900017261909866; 8.899933049340682
49.90001734785742; 8.899932365568024
49.90001744556448; 8.899931589198353
49.90001752461646; 8.899930960860301
49.900017610393654; 8.899930277031828
49.90001771833218; 8.89992941057499
49.900017820374764; 8.899928593814234
49.90001788848269; 8.899928049777268
49.900017961828155; 8.89992745962989
49.90001808038927; 8.899926505740813
49.90001817502934; 8.899925744556553
49.90001827301039; 8.899924962629262
49.90001834156353; 8.899924415760196
49.900018419250976; 8.899923797763693
49.90001850039436; 8.899923141744686
49.90001860208819; 8.899922323119643
49.90001867553619; 8.899921728096338
49.90001875678968; 8.89992105279524
49.90001887050402; 8.899920123892464
49.9000189793196; 8.899919233781377
49.90001907972808; 8.899918416441182
49.90001913713857; 8.899917944043551
49.90001923637509; 8.899917138438404
49.90001933558046; 8.899916335261677
49.90001942792385; 8.899915596534475
49.90001951169042; 8.899914912450997
49.90001959011036; 8.899914274190202
49.900019734698986; 8.899913093917327
49.900019843521456; 8.899912210371964
49.90001995788022; 8.89991127168168
49.900020054046195; 8.899910483344623
49.90002014656418; 8.899909728598315
49.90002023052067; 8.899909044089517
49.90002032115028; 8.899908305618938
49.90002040361962; 8.899907632477928
49.90002050383568; 8.899906818119774
49.900020590752874; 8.899906090736925
49.9000206571391; 8.89990554352196
49.90002072322243; 8.899904998346072
49.900020810331235; 8.899904272653167
49.90002090900639; 8.899903451232984
49.900021014151605; 8.899902570956014
49.90002111045613; 8.899901768288412
49.900021192687596; 8.899901087889775
49.90002129603597; 8.899900224954381
49.90002139430492; 8.899899403528499
49.900021498213086; 8.899898535219648
49.90002161360902; 8.899897576604214
49.90002170429014; 8.899896825519397
49.90002180054906; 8.89989603171856
49.90002189909421; 8.899895221270056
49.90002201983681; 8.899894207625303
49.90002208563845; 8.899893659580458
49.90002218988876; 8.899892793376994
49.900022303835485; 8.89989183562085
49.90002239377494; 8.899891076308629
49.900022487276104; 8.899890283660312
49.90002259886386; 8.899889347818162
49.900022687992156; 8.899888596267202
49.90002280137376; 8.89988763990013
49.90002287179741; 8.899887041510143
49.9000229688794; 8.899886223556775
49.90002306251014; 8.899885434645826
49.90002316912454; 8.899884531952193
49.90002328095594; 8.899883589938511
49.90002335159074; 8.89988298298272
49.900023480964215; 8.899881887960365
49.90002356660259; 8.899881157467751
49.900023679285745; 8.899880198172829
49.90002376720143; 8.89987944557662
49.90002386088311; 8.899878644944598
49.900023941228056; 8.899877962862265
49.90002402585222; 8.899877231800161
49.900024121298635; 8.899876409377136
49.90002423598359; 8.899875405201298
49.90002434660127; 8.899874445489301
49.900024447573294; 8.899873569281057
49.90002454027736; 8.89987275654304
49.900024618694374; 8.899872078522606
49.90002471739163; 8.899871201470761
49.90002479597263; 8.899870515856124
49.900024881821984; 8.899869766597455
49.90002498915186; 8.899868825090701
49.90002507894628; 8.899868034757729
49.90002521071843; 8.899866860920993
49.90002529931347; 8.899866075774415
49.90002540035543; 8.899865169257893
49.90002546200731; 8.899864620716638
49.90002557355163; 8.899863615390556
49.900025665902106; 8.899862792150033
49.90002575073092; 8.899862042093291
49.90002582653743; 8.899861379450883
49.900025903961705; 8.899860694110327
49.90002598618448; 8.899859958952197
49.900026093889096; 8.899858998593432
49.90002619208861; 8.899858117225733
49.90002629657165; 8.89985716856304
49.90002638283307; 8.899856386524556
49.9000264825239; 8.899855474737311
49.90002655846964; 8.899854790248668
49.90002665325813; 8.899853917315019
49.900026743400886; 8.899853093651672
49.90002681264486; 8.899852458225771
49.90002689743583; 8.8998516735453
49.900026972702314; 8.899850987501148
49.90002708145956; 8.899849977413322
49.90002717062957; 8.899849153646311
49.90002727865181; 8.899848145458886
49.90002738274814; 8.899847184271895
49.90002746256746; 8.899846444449171
49.900027550317; 8.899845624512045
49.900027623818794; 8.899844947101853
49.900027716361784; 8.89984406060942
49.9000278192657; 8.899843102415135
49.900027883374236; 8.899842503038476
49.90002798405325; 8.899841542020887
49.900028089820474; 8.899840529630762
49.90002816234944; 8.899839841971978
49.900028272475964; 8.899838804525503
49.900028371299044; 8.899837864127015
49.90002845619236; 8.899837064640534
49.900028562603296; 8.899836029446071
49.90002865997687; 8.899835096758121
49.90002872483241; 8.899834464789029
49.900028824613166; 8.899833503352205
49.90002891283423; 8.89983263183686
49.90002902633228; 8.899831533465562
49.90002910071063; 8.899830792856353
49.900029184080395; 8.899829967816315
49.90002923995269; 8.89982942553116
49.90002932801125; 8.899828539824878
49.900029425828805; 8.899827579029198
49.90002949922871; 8.899826834408046
49.90002959545971; 8.899825871473894
49.900029708975744; 8.899824718955452
49.90002981872623; 8.899823622973967
49.90002991786855; 8.899822602403384
49.90003002420353; 8.89982152179877
49.90003012393629; 8.899820481270819
49.900030238507235; 8.899819311503961
49.90003031778954; 8.899818504043825
49.90003042020963; 8.899817455040033
49.900030536668986; 8.899816246973225
49.900030600288844; 8.8998155946315
49.90003067626147; 8.899814825947013
49.90003079340324; 8.89981362779556
49.90003088270421; 8.899812704418425
49.90003100850076; 8.899811410623476
49.900031113338954; 8.899810310603765
49.900031196939366; 8.899809431730624
49.9000312754394; 8.899808605193837
49.90003137242663; 8.899807578267676
49.90003147432816; 8.89980648376884
49.90003155622997; 8.899805597125606
49.90003164569595; 8.899804638378098
49.90003176686514; 8.89980334046904
49.90003184367908; 8.899802513498933
49.90003193742685; 8.899801489528171
49.9000320391657; 8.899800387667469
49.9000321194887; 8.899799506534256
49.900032194912086; 8.89979867936597
49.9000322652219; 8.899797911398245
49.900032361222394; 8.899796833126139
49.900032398904834; 8.89979642156673
49.900032465020765; 8.899795672766187
49.90003257629541; 8.899794434696036
49.90003266535744; 8.899793407059192
49.90003276334127; 8.899792316949034
49.90003284094709; 8.899791419182886
49.90003292645228; 8.899790459073913
49.90003303945301; 8.899789156281843
49.900033131809536; 8.89978811692774
49.900033201883666; 8.899787309379388
49.90003330520026; 8.899786133711723
49.90003339913957; 8.899785045206269
49.900033477401905; 8.899784150191763
49.900033547107576; 8.89978333185562
49.90003362704529; 8.899782399762572
49.90003369184292; 8.899781623582799
49.90003378519699; 8.899780537977167
49.90003385916026; 8.89977963706139
49.900033940706535; 8.899778678813169
49.900034025038615; 8.899777644628292
49.90003412539199; 8.899776449545872
49.900034224659066; 8.89977523661971
49.90003430896207; 8.899774209326194
49.900034399998766; 8.899773104576745
49.900034484161665; 8.89977207503553
49.90003458599926; 8.8997708396369
49.900034680212634; 8.899769666084062
49.9000347767028; 8.899768485898976
49.90003487432997; 8.899767253164297
49.900034945514264; 8.899766358458226
49.900035034502594; 8.89976525272006
49.90003509600157; 8.899764495041262
49.9000351822337; 8.899763393264067
49.90003526421008; 8.899762361080438
49.90003537503515; 8.899760988960404
49.90003545694757; 8.899759951916762
49.9000355120506; 8.899759261546032
49.90003558103432; 8.899758368909447
49.900035667658834; 8.899757264475435
49.90003573617022; 8.89975636905529
49.900035850143226; 8.899754886317407
49.90003591954546; 8.899753952948032
49.900036001280995; 8.899752889699899
49.90003609160297; 8.899751678610729
49.90003615116927; 8.899750895312394
49.90003622057119; 8.89974995210767
49.900036291950855; 8.899749015779424
49.900036339002824; 8.899748364148973
49.900036421463874; 8.899747263926631
49.90003649710669; 8.899746228269649
49.90003657909089; 8.899745142203514
49.90003664586831; 8.899744225078653
49.90003668693419; 8.89974367163099
49.90003680190916; 8.899742084586709
49.900036898122835; 8.899740773677296
49.9000369789267; 8.899739666970662
49.900037043709176; 8.899738767831606
49.900037113862425; 8.899737799289774
49.90003717880962; 8.899736903057232
49.900037257624014; 8.899735796532022
49.9000373141865; 8.899735029489419
49.90003741374638; 8.899733655305083
49.90003747934988; 8.899732759513455
49.900037548651795; 8.899731791071313
49.90003763182399; 8.899730615262682
49.90003770101286; 8.899729648904447
49.90003776313276; 8.899728745969307
49.90003784049133; 8.899727641915854
49.900037910365974; 8.899726598404765
49.900037958253876; 8.899725906265287
49.90003802973578; 8.899724866909843
49.90003810602346; 8.899723760787673
49.90003816629427; 8.899722859198885
49.90003825187946; 8.899721620786506
49.90003832934157; 8.899720440915397
49.90003840150894; 8.899719375471266
49.900038479997555; 8.899718155570172
49.90003854010031; 8.899717250262757
49.90003860125125; 8.899716285478467
49.90003866846793; 8.89971524052338
49.90003873918762; 8.899714134558907
49.900038804545574; 8.899713096003795
49.900038882871364; 8.89971185165171
49.900038921092886; 8.899711222261812
49.90003899899594; 8.89970997602489
49.90003907305897; 8.899708796919953
49.90003915826262; 8.899707461097199
49.900039234272064; 8.899706233691123
49.90003929156857; 8.899705328812068
49.90003935001681; 8.899704359862824
49.90003942163029; 8.89970317843649
49.900039480496325; 8.899702208127547
49.900039543842944; 8.899701164800218
49.900039610776254; 8.89970005690863
49.900039662206325; 8.899699149298403
49.900039711179524; 8.899698316890662
49.90003976479827; 8.899697411519057
49.90003982728781; 8.899696303990385
49.90003987214217; 8.899695524614161
49.90003995018364; 8.899694148549642
49.90004001733108; 8.899692961042573
49.900040082028816; 8.899691864296734
49.90004013897744; 8.899690803817613
49.90004020114511; 8.899689726155723
49.90004025984274; 8.899688643889395
49.9000403337155; 8.899687320884135
49.90004041245296; 8.899685943930812
49.90004047631316; 8.899684753439931
49.900040536070634; 8.89968368869171
49.90004058655912; 8.899682732599532
49.90004065201901; 8.899681546078897
49.900040726180094; 8.899680162842458
49.90004079715642; 8.899678832280838
49.900040856688186; 8.89967776276948
49.90004091371892; 8.89967667574185
49.90004097055869; 8.89967562492902
49.90004102820125; 8.899674517414342
49.90004110418651; 8.89967305038394
49.90004116237803; 8.8996719569393
49.90004121330715; 8.899670887772281
49.900041263500135; 8.899669936493865
49.900041312649286; 8.89966886173426
49.900041370932996; 8.89966766456651
49.90004142412438; 8.899666555952562
49.90004147494356; 8.899665502815598
49.90004152829283; 8.89966439300479
49.90004157798813; 8.89966333981151
49.900041646016994; 8.899661971280032
49.90004169321859; 8.899660902240146
49.90004174940665; 8.899659708415934
49.90004179945587; 8.899658601863148
49.90004184861353; 8.899657549768802
49.900041893125184; 8.899656577809603
49.900041946403846; 8.89965538364031
49.900042010663206; 8.899654013761177
49.90004206677241; 8.899652659704888
49.90004212466754; 8.899651328234034
49.900042182077996; 8.899650090712958
49.900042244952466; 8.899648609016031
49.90004229744985; 8.899647417480319
49.900042353937856; 8.899646174524811
49.900042379757814; 8.899645525871051
49.900042446293575; 8.899644019284231
49.90004248302722; 8.899643076909241
49.90004253122949; 8.899641989961152
49.90004258411988; 8.899640629341572
49.90004262579412; 8.899639568859628
49.90004268932111; 8.899638057072886
49.90004272737141; 8.899636981517395
49.900042778670304; 8.899635640853464
49.9000428282094; 8.89963439107691
49.90004288415549; 8.89963291451652
49.90004293103068; 8.89963171677447
49.90004299697508; 8.8996300662426
49.900043034471246; 8.899628986424025
49.90004308049096; 8.899627783445483
49.90004312582095; 8.899626535160616
49.90004316452048; 8.899625475769637
49.900043210962636; 8.89962423057193
49.90004326092342; 8.899622745817686
49.90004330337501; 8.899621543690937
49.90004335820123; 8.899620033619756
49.90004341180849; 8.899618398910642
49.90004345363281; 8.899617196454532
49.900043502519196; 8.899615846959373
49.90004354413283; 8.899614603783972
49.900043585994894; 8.899613401863567
49.90004364150756; 8.899611779302534
49.90004369755979; 8.899610124552384
49.90004373429505; 8.899608910362794
49.90004377598997; 8.899607567794284
49.900043825898734; 8.899606052110979
49.90004385464626; 8.89960497332281
49.90004389323281; 8.899603628533823
49.90004393057956; 8.89960237715186
49.900043963994015; 8.899601168051841
49.90004399852455; 8.899600066801332
49.90004402637777; 8.89959899163221
49.900044065586584; 8.899597644445468
49.90004411664443; 8.899595866792396
49.900044161440924; 8.899594216660565
49.90004419659907; 8.899592867030734
49.90004422938163; 8.899591659915115
49.900044266743365; 8.89959027115374
49.90004429160251; 8.899589196741497
49.900044326403304; 8.89958796047476
49.90004436021321; 8.899586455027084
49.900044397165566; 8.899584966331114
49.90004443108097; 8.899583617945565
49.90004445420761; 8.899582644081303
49.90004448761225; 8.899581292980152
49.900044523658394; 8.89957991745295
49.900044550500496; 8.899578692185358
49.90004458489317; 8.899577201549405
49.90004461993363; 8.89957570457591
49.90004463935458; 8.899574737311289
49.90004466747744; 8.899573383224258
49.90004469112773; 8.899572271230154
49.90004471047664; 8.899571193860131
49.900044745868875; 8.899569420926037
49.90004477132794; 8.899568172423384
49.90004479214787; 8.899566953760381
49.900044819532006; 8.899565595305496
49.90004484777474; 8.899564070906585
49.90004487299438; 8.89956257385474
49.90004489496863; 8.899561358216635
49.900044921446096; 8.899559971770021
49.900044939449934; 8.899558750673348
49.90004496144043; 8.899557530498981
49.900044977786216; 8.899556420578694
49.90004499881865; 8.899555066029077
49.90004502418887; 8.899553428376743
49.90004505111059; 8.899551771821374
49.90004506548639; 8.899550404045725
49.90004508203764; 8.899549185191619
49.900045097690644; 8.899548073046246
49.900045108949435; 8.899547132210245
49.900045132839665; 8.899545488270423
49.900045148195815; 8.899544103453994
49.90004516976014; 8.899542326924887
49.900045182125446; 8.899541245987717
49.90004519690665; 8.899539994621637
49.900045206967135; 8.899538914210016
49.900045216594414; 8.899538078478411
49.90004522746268; 8.899536859042895
49.900045242192434; 8.899535081042801
49.90004525298322; 8.89953396715421
49.900045259207275; 8.899532885246277
49.9000452737254; 8.899531506006875
49.900045275662464; 8.899530550884322
49.90004528545913; 8.899529051012399
49.900045298954545; 8.899527530151206
49.90004530126893; 8.899526439660105
49.90004530917112; 8.899525078187034
49.90004532047578; 8.899523554177037
49.90004532309941; 8.899522325867483
49.9000453293965; 8.899520964419375
49.900045339395; 8.89951931191771
49.900045339847956; 8.899517932365493
49.90004534361821; 8.89951629369428
49.900045346934554; 8.89951506911002
49.900045348530995; 8.899513818114357
49.900045349021084; 8.899512457248452
49.90004535458391; 8.899511221616072
49.90004535405257; 8.89950943060555
49.90004535071757; 8.899508202374012
49.90004535094016; 8.899506840563756
49.900045350638955; 8.89950572648365
49.90004534874777; 8.899504364049095
49.90004535110535; 8.899503259221277
49.900045344273835; 8.899502025645404
49.900045340439256; 8.899500799769891
49.90004533765005; 8.89949954848259
49.90004533042337; 8.899498183593428
49.900045323312156; 8.899496679735044
49.900045319053504; 8.899495428962053
49.9000453073348; 8.899493923908416
49.900045298686415; 8.899492697928315
49.90004529171102; 8.899491446900312
49.90004527948979; 8.899490222346085
49.90004527217317; 8.899488851461504
49.90004525977401; 8.89948760505757
49.900045245798225; 8.89948610198201
49.900045235250005; 8.899484733810414
49.900045220854444; 8.899482939114089
49.90004520260745; 8.899481562479696
49.90004518110877; 8.89947950186178
49.900045163331086; 8.899477997080782
49.900045149595755; 8.899476629081589
49.90004513232887; 8.899475241883147
49.90004511215836; 8.899473876119632
49.90004509059203; 8.899472232916601
49.90004507608776; 8.899470850291236
49.900045050439104; 8.899469336961863
49.90004503690212; 8.899468388265685
49.90004501860126; 8.899467000954965
49.900044997388434; 8.899465771638672
49.90004497162541; 8.899464126666476
49.900044941766886; 8.899462341782902
49.90004491770284; 8.899460820586022
49.90004489139116; 8.899459588390734
49.90004486520441; 8.899458221881154
49.90004482847496; 8.899456297172803
49.90004479810312; 8.899454637123737
49.90004476394441; 8.899453263259018
49.90004473612326; 8.899452035782328
49.90004469276041; 8.899450112999471
49.90004465911283; 8.899448458228628
49.90004462510321; 8.899447219273226
49.900044588450974; 8.899445713625264
49.90004456058946; 8.899444337288719
49.90004452293209; 8.89944295524501
49.90004448068696; 8.899441309492866
49.90004445680571; 8.899440215946983
49.90004442514429; 8.899439109003934
49.90004439213571; 8.899437880898876
49.900044362027046; 8.899436631345615
49.90004431261854; 8.89943484521358
49.90004426963507; 8.899433340214925
49.900044239828766; 8.89943210656487
49.900044201337856; 8.899430861548087
49.90004415251412; 8.899429216839248
49.900044105221575; 8.89942757236368
49.90004405249305; 8.89942578846558
49.900044011020135; 8.899424266262471
49.90004396102984; 8.899422752794326
49.90004391293927; 8.899421245419195
49.90004387860556; 8.899420007525768
49.90004383467257; 8.899418764484361
49.900043797764475; 8.899417673976199
49.900043751426246; 8.899416150605859
49.900043692091565; 8.8994144988468
49.90004365083846; 8.8994134093407
49.90004360257305; 8.89941189272148
49.900043537337254; 8.899410100264074
49.9000434733508; 8.899408451396171
49.900043421658836; 8.899407083151035
49.90004336622477; 8.899405574889924
49.900043313218184; 8.899404052757712
49.90004325291896; 8.89940254070764
49.90004319481337; 8.899401033688196
49.9000431273738; 8.899399248243196
49.9000430820815; 8.899398002339224
49.90004301448965; 8.89939635165286
49.900042949604604; 8.899394706406751
49.900042894829625; 8.899393338232246
49.900042826395435; 8.8993915480715
49.900042766867394; 8.89939016562097
49.90004270231242; 8.899388658811626
49.90004264004437; 8.89938715173675
49.90004255831848; 8.89938522848029
49.90004251146362; 8.899384117506212
49.900042452868334; 8.899382748977873
49.90004238782225; 8.899381240111495
49.90004232924955; 8.899379854828712
49.90004224859075; 8.89937806712008
49.90004218504309; 8.899376699166542
49.900042103899125; 8.899374912589254
49.900042020428174; 8.89937312633971
49.90004193986272; 8.899371333990594
49.900041863529665; 8.899369816606752
49.900041781398855; 8.899368169254384
49.90004170044404; 8.899366523573326
49.90004162604077; 8.89936501469539
49.90004155419794; 8.899363494643966
49.90004146820196; 8.899361843929418
49.900041391725445; 8.899360336573608
49.90004131728036; 8.89935882835576
49.90004123687012; 8.899357173884404
49.90004115089882; 8.89935551993487
49.90004106416902; 8.89935387092097
49.90004100039754; 8.899352640682284
49.90004091853452; 8.899350989080935
49.90004083744548; 8.899349470892771
49.900040777015036; 8.899348378507394
49.900040699971754; 8.899346867594673
49.90004062490308; 8.899345486077499
49.90004052718196; 8.899343699926531
49.900040429946564; 8.89934191949553
49.90004034749438; 8.899340411367872
49.90004025044902; 8.899338624288793
49.900040174936784; 8.899337244403934
49.9000400809242; 8.899335592142455
49.90004001216981; 8.899334360290814
49.90003992899918; 8.899332842806984
49.90003987071315; 8.899331879854536
49.90003976801326; 8.899330093571077
49.900039646441094; 8.89932803122001
49.900039560330534; 8.89932652690092
49.90003945609938; 8.899324734732401
49.900039356535046; 8.899323082440704
49.90003923989092; 8.899321158466782
49.90003913965738; 8.899319509452917
49.900039024143624; 8.899317586203164
49.90003893167071; 8.899316083549207
49.900038843839894; 8.89931456869013
49.90003870693036; 8.89931237093485
49.90003860341676; 8.899310602317415
49.90003851533516; 8.8993092251742
49.90003841406693; 8.899307577480705
49.9000383221983; 8.899306069644089
49.90003820219872; 8.899304145806505
49.90003811066719; 8.899302629271569
49.90003799574899; 8.899300842592535
49.90003789898036; 8.899299331924984
49.900037795676; 8.899297685757077
49.90003770169271; 8.899296173675904
49.9000376055655; 8.899294657020912
49.90003749747697; 8.899293006513942
49.900037400479846; 8.899291497731143
49.90003727672345; 8.899289571922719
49.90003718021969; 8.899288061657545
49.900037081513084; 8.899286543981246
49.90003695313078; 8.899284618065925
49.900036850365375; 8.8992831087828
49.90003674055617; 8.899281460911778
49.90003662928106; 8.899279812647857
49.90003650049111; 8.89927788454756
49.900036407172145; 8.899276507161055
49.90003627650993; 8.899274581242725
49.90003616533436; 8.899272936287462
49.90003605534567; 8.89927128909786
49.90003595619354; 8.899269776961331
49.90003583720714; 8.89926798786859
49.90003573152502; 8.899266472908689
49.90003564823409; 8.899265238936717
49.90003552716713; 8.899263454092457
49.90003541756973; 8.8992618031554
49.90003531107992; 8.899260288563656
49.90003518659997; 8.899258500866555
49.90003507358025; 8.89925685352886
49.90003494094386; 8.899254929533823
49.90003483896204; 8.89925342346457
49.900034707880685; 8.899251499014353
49.900034595820436; 8.899249849776819
49.90003447953029; 8.899248196535071
49.90003435600169; 8.89924640932782
49.900034242005866; 8.899244762328813
49.900034126735584; 8.89924311472508
49.900034012749344; 8.899241461482124
49.900033886418704; 8.899239672401393
49.9000337845255; 8.89923829770822
49.90003366548109; 8.899236650795176
49.90003354508715; 8.899235004336372
49.90003341618443; 8.899233215808845
49.90003329756622; 8.89923156309667
49.90003318410821; 8.89923005004304
49.90003306436501; 8.899228401550369
49.90003296630608; 8.899227030958214
49.90003285905791; 8.899225515205918
49.900032737381984; 8.899223862590338
49.90003260807346; 8.89922207495123
49.90003249020445; 8.899220426807847
49.90003238190961; 8.899218918552451
49.90003228401549; 8.8992175398358
49.900032143606325; 8.899215614969714
49.90003203199675; 8.899214105807813
49.90003189268149; 8.899212181876655
49.90003176214405; 8.899210400177319
49.900031632118875; 8.899208613911775
49.90003149305252; 8.899206692406914
49.90003134461028; 8.89920462853552
49.90003121982936; 8.899202852595254
49.90003112082466; 8.899201474447706
49.900031001378736; 8.899199823116343
49.90003087313461; 8.899198037167128
49.90003075461365; 8.899196387723286
49.90003061450686; 8.89919446465776
49.900030462399876; 8.899192404147152
49.90003034417951; 8.899190766586399
49.900030212312515; 8.899188977515612
49.90003008763513; 8.899187326865913
49.90002994292619; 8.899185402142745
49.900029829510125; 8.89918389313992
49.90002970669615; 8.89918224681141
49.90002961621574; 8.899181006360553
49.90002947247459; 8.899179080512532
49.90002933866594; 8.89917729458012
49.90002919772799; 8.899175368086409
49.900029066060355; 8.899173584549414
49.90002896523476; 8.899172215954497
49.900028844459634; 8.899170563745102
49.90002872935352; 8.899169050544819
49.900028575783296; 8.89916698876253
49.90002844994585; 8.899165347352277
49.9000283162542; 8.899163561348889
49.900028172145745; 8.899161638827112
49.90002809399429; 8.899160540212458
49.90002795090015; 8.899158614791931
49.90002782805727; 8.89915697070046
49.90002768754235; 8.899155043487454
49.90002753581522; 8.899152983706438
49.900027381479404; 8.899150938682878
49.900027265898906; 8.899149432830809
49.900027150460275; 8.899147921880923
49.900026990574176; 8.899145861424545
49.90002684178857; 8.899143941176625
49.9000267357409; 8.899142569172481
49.90002657352468; 8.899140508634012
49.90002641425551; 8.899138456017706
49.90002627320714; 8.899136669051176
49.90002612232413; 8.899134746763888
49.90002602592011; 8.899133517803437
49.90002588665509; 8.899131730150417
49.90002578087282; 8.899130353689785
49.900025630283885; 8.899128429257877
49.90002549086302; 8.899126643535856
49.90002539640021; 8.89912541095161
49.90002525896282; 8.899123623876347
49.900025154174536; 8.899122250561415
49.90002502304161; 8.899120599713866
49.900024863027745; 8.899118538426452
49.900024711972044; 8.899116628686913
49.90002454966211; 8.899114573070946
49.90002444044552; 8.899113212325766
49.90002431021498; 8.899111561904972
49.90002420109675; 8.899110186529471
49.90002404740278; 8.89910826277208
49.90002389472676; 8.899106339686314
49.900023774391606; 8.899104831100283
49.90002363191591; 8.899103045409689
49.90002346525316; 8.899100984933773
49.900023278120585; 8.89909866160313
49.900023131565504; 8.899096910073954
49.900022995295075; 8.899095262341035
49.90002284836115; 8.899093475715189
49.90002272115382; 8.899091966049628
49.9000225612067; 8.899090043102943
49.90002241285468; 8.899088264636886
49.90002225545696; 8.899086340226386
49.9000221322518; 8.899084836083636
49.90002201011686; 8.899083322951444
49.90002187513971; 8.899081674049485
49.90002170638806; 8.899079614127958
49.900021562057404; 8.89907783413351
49.90002136525331; 8.899075366987393
49.90002122683287; 8.899073614639331
49.900021073226945; 8.89907169062017
49.9000209286523; 8.899069903756708
49.90002079649904; 8.899068256695559
49.90002066575143; 8.899066609128024
49.90002054762349; 8.899065097295559
49.90002040432477; 8.899063311219916
49.90002029148592; 8.899061934366042
49.900020149357346; 8.899060149780501
49.90002000713773; 8.899058363077256
49.90001984260362; 8.89905630498565
49.90001967777022; 8.89905425140102
49.900019545698186; 8.899052611266125
49.90001940171319; 8.899050822596793
49.90001921968364; 8.899048629633795
49.90001906536467; 8.899046715431362
49.90001893317312; 8.899045069158309
49.90001879729632; 8.899043420518295
49.90001863089875; 8.899041359080863
49.90001849537806; 8.899039713948243
49.900018340311114; 8.899037788556582
49.900018174697045; 8.899035727791725
49.900018019662774; 8.899033808867669
49.90001786409611; 8.89903189473172
49.90001773134835; 8.89903025105307
49.900017575053226; 8.899028328986745
49.90001739703671; 8.899026131851743
49.90001726824079; 8.899024493607234
49.900017090948154; 8.899022294889457
49.90001696347217; 8.899020656964762
49.90001676725186; 8.899018184230945
49.90001665588151; 8.899016706562856
49.90001654751092; 8.899015328693862
49.90001642278176; 8.899013677751032
49.900016287343895; 8.899011892965127
49.90001617270767; 8.899010378678442
49.90001601431245; 8.899008316795948
49.900015830681376; 8.899005988325746
49.90001569308003; 8.89900421317864
49.900015551955356; 8.899002427269746
49.900015428848036; 8.899000916065736
49.90001528492486; 8.898999130004547
49.90001512039266; 8.898997068378804
49.900014965346635; 8.898995153606991
49.90001484389501; 8.898993646474045
49.90001467706671; 8.898991585666069
49.90001455988324; 8.89899008710296
49.90001441830047; 8.898988299801042
49.900014265714454; 8.898986375685743
49.900014117153624; 8.898984461622446
49.90001394654002; 8.898982261668815
49.90001381082505; 8.898980483718647
49.900013653117576; 8.89897842357438
49.90001350505292; 8.898976499331505
49.9000133672056; 8.898974719692061
49.9000132627655; 8.898973345409056
49.90001312674838; 8.898971559630475
49.900012982289084; 8.898969639187571
49.90001287086634; 8.898968125561565
49.900012708453346; 8.898965922531772
49.9000125604739; 8.898963871823334
49.900012410944434; 8.898961812434758
49.90001229358254; 8.898960170109714
49.90001212338675; 8.898957828846038
49.900012013014795; 8.898956330718184
49.90001188071063; 8.898954542214481
49.90001173685565; 8.898952615652558
49.90001158115231; 8.898950554601
49.90001145581999; 8.898948912570551
49.90001131013225; 8.898946988349506
49.90001118933161; 8.898945338076272
49.9000110266816; 8.898943137561355
49.90001085854159; 8.898940809925097
49.900010722392764; 8.898938921205593
49.90001059425521; 8.898937135797494
49.90001044614138; 8.898935071483454
49.90001034794318; 8.898933698164507
49.9000102077796; 8.89893177078484
49.90001009652928; 8.898930269209469
49.90000994710059; 8.898928203849922
49.90000977367896; 8.898925881758315
49.90000962659938; 8.898923982084359
49.9000094786362; 8.898922059874971
49.90000933171123; 8.898920137948775
49.90000919299062; 8.89891835358265
49.90000904394709; 8.898916426985181
49.90000887364107; 8.898914227240803
49.900008689286814; 8.898911905749529
49.9000085339569; 8.898910017671582
49.90000839037725; 8.898908231519629
49.900008256504016; 8.898906590412729
49.90000811456981; 8.89890480047198
49.90000796063811; 8.898902878957578
49.90000780904336; 8.8989009688261
49.90000768039716; 8.898899318987363
49.90000753908651; 8.898897529698608
49.90000736869138; 8.898895332419567
49.90000722650253; 8.898893554166802
49.90000708619843; 8.89889176595877
49.90000692443342; 8.898889703263338
49.900006783010916; 8.898887923536263
49.900006608429585; 8.898885723660579
49.90000648778178; 8.89888423491316
49.90000635567231; 8.89888258405812
49.900006175774756; 8.898880386656291
49.90000604712017; 8.898878755773778
49.9000058846574; 8.898876692332262
49.900005705189564; 8.898874362019615
49.900005551427775; 8.898872320869469
49.900005398146696; 8.898870267489556
49.90000526478133; 8.89886848005423
49.900005140930496; 8.898866828593345
49.90000496345961; 8.898864488177026
49.90000484034745; 8.898862857046328
49.90000470222965; 8.898861066486552
49.900004564862; 8.898859277621796
49.90000437657606; 8.898856806309007
49.90000420643567; 8.898854630563683
49.9000040345998; 8.898852440419667
49.90000386811523; 8.898850257209894
49.900003734596886; 8.898848473311384
49.90000358299186; 8.89884641045325
49.9000034347407; 8.898844356299835
49.90000329712125; 8.898842436243335
49.900003139931385; 8.89884023554684
49.900002964065756; 8.898837778571567
49.90000282354516; 8.898835752953618
49.900002698671955; 8.898833972545097
49.900002541078294; 8.898831769292888
49.900002418567084; 8.89882999695761
49.90000227666389; 8.898827935065349
49.90000214665924; 8.89882601387414
49.90000199053811; 8.898823677145026
49.90000186451774; 8.898821764180012
49.90000171971447; 8.898819569219052
49.900001586546935; 8.89881752070575
49.900001420935794; 8.898815051234028
49.90000129508756; 8.898813151731588
49.90000116735497; 8.89881122380016
49.9000010222119; 8.898809024571795
49.900000870071175; 8.898806701671191
49.90000074516188; 8.898804787171494
49.90000062953306; 8.898802998245621
49.90000048952322; 8.898800794519559
49.90000035944304; 8.89879873947703
49.90000023918675; 8.89879681775298
49.90000011031041; 8.898794754642688
49.89999997209326; 8.898792551838202
49.899999852208296; 8.898790641468674
49.89999973341614; 8.898788715278652
49.89999959679721; 8.898786514790554
49.899999497083364; 8.898784874409111
49.8999993428828; 8.898782394846537
49.89999923693489; 8.898780636231901
49.89999909607622; 8.898778296083746
49.899998974242386; 8.898776242666337
49.899998869321976; 8.898774459678553
49.899998754715455; 8.89877252907481
49.89999863216678; 8.898770466945189
49.89999851839047; 8.898768540334375
49.8999983866942; 8.898766339080886
49.8999982734023; 8.898764420283403
49.89999815931259; 8.89876249133553
49.899998031055546; 8.898760294717498
49.89999791195748; 8.898758228775232
49.89999777880965; 8.898755903654218
49.89999766178322; 8.89875385616506
49.89999754338817; 8.898751790275732
49.89999741757964; 8.8987495967166
49.899997288120446; 8.898747403102222
49.8999971709337; 8.898745497644814
49.89999703720709; 8.8987432898143
49.89999690888322; 8.89874123500175
49.899996770529086; 8.898739048472386
49.89999663265746; 8.898736863137346
49.89999649610849; 8.898734684498468
49.89999637495316; 8.898732757066337
49.89999623647027; 8.898730550006736
49.899996098437654; 8.898728363693987
49.89999596438642; 8.898726170934554
49.89999585094737; 8.89872425878638
49.899995737337825; 8.898722333971609
49.899995607498106; 8.898720125809737
49.89999550470591; 8.898718346845527
49.89999537800257; 8.898716142644947
49.899995253559354; 8.898713947820355
49.89999510917311; 8.898711357289656
49.899994994951435; 8.898709321732301
49.899994882543886; 8.898707262028397
49.89999474628945; 8.898704791223752
49.89999464803111; 8.898703018845012
49.89999453946692; 8.898701082533362
49.8999944157181; 8.898698877959335
49.899994299952446; 8.898696822900538
49.899994164131854; 8.898694497264774
49.89999405651805; 8.898692720880833
49.89999392370654; 8.898690514013843
49.89999378795457; 8.89868832706655
49.89999363415421; 8.89868586550394
49.89999348022479; 8.898683425384778
49.89999334167848; 8.898681129486882
49.89999320750239; 8.89867880280546
49.89999310850965; 8.898677032906855
49.89999296503684; 8.898674552054262
49.89999283252985; 8.89867223692245
49.899992686128975; 8.898669792446265
49.89999255055102; 8.898667623267114
49.89999243167798; 8.89866571460593
49.89999227032261; 8.898663105299418
49.899992173316924; 8.898661481808746
49.89999205980239; 8.898659549408363
49.89999192191417; 8.898657206778791
49.8999917899205; 8.89865488582485
49.899991658511496; 8.898652549139195
49.89999157071597; 8.898650922534076
49.89999145518923; 8.898648850948238
49.899991327000336; 8.898646512355436
49.8999912185161; 8.898644475169224
49.89999109853997; 8.898642274629678
49.899991003956295; 8.898640500042845
49.89999088312258; 8.898638293615912
49.89999077526412; 8.898636246725676
49.89999064866445; 8.898633904619697
49.89999055498153; 8.898632132116196
49.89999045380196; 8.898630202047535
49.89999032096834; 8.898627716062308
49.89999021654778; 8.898625816386721
49.89999011055345; 8.898623886795257
49.89999001378453; 8.898622094584885
49.89998987696011; 8.898619612114492
49.8999897645375; 8.898617577315074
49.899989667666766; 8.89861579035228
49.89998954230981; 8.898613444373556
49.89998943093327; 8.898611393512759
49.89998929443139; 8.898608916937995
49.899989147739845; 8.898606334672346
49.89998901932846; 8.898604029484705
49.89998890478816; 8.898601849791365
49.89998877552181; 8.898599377463642
49.89998866403331; 8.898597206845144
49.89998853507384; 8.89859474219181
49.89998843786843; 8.898592982307028
49.89998830713636; 8.898590635779481
49.89998816505397; 8.898588181013295
49.89998803284057; 8.898585876927159
49.899987918724946; 8.898583834336934
49.89998779953315; 8.898581631382925
49.899987700567124; 8.898579717630136
49.89998759368018; 8.89857764957259
49.89998745914276; 8.898575038099967
49.899987341609396; 8.898572728957838
49.899987205964585; 8.89857013855507
49.89998709330075; 8.898568118198275
49.89998696559092; 8.898565778615149
49.89998682324075; 8.898563184025532
49.89998670508404; 8.89856087588864
49.89998661154628; 8.8985589608618
49.8999864964248; 8.898556627600897
49.89998637574869; 8.898554169939645
49.89998627155312; 8.898552127479556
49.89998615107367; 8.898549785914414
49.899986040178824; 8.898547734650354
49.89998589958127; 8.898545129807498
49.899985745189824; 8.898542155011828
49.899985630049144; 8.898539880283185
49.89998553273737; 8.898538116936917
49.89998540740042; 8.89853591090558
49.89998527372458; 8.898533577228696
49.89998513042999; 8.898531129032726
49.89998499626206; 8.89852882016742
49.899984862365706; 8.898526375684774
49.899984756827465; 8.898524334097296
49.899984618398925; 8.89852173397849
49.89998449022095; 8.898519408046662
49.89998435735129; 8.898517088597519
49.8999842254181; 8.898514776324246
49.899984075956475; 8.898512052410858
49.89998396423716; 8.898509908792025
49.89998384401668; 8.898507582584058
49.89998370921627; 8.89850498515813
49.899983613244835; 8.898503255213512
49.89998347276856; 8.898500637970374
49.89998335264493; 8.898498463453775
49.899983199586096; 8.898495733374874
49.899983093068734; 8.898493710826019
49.89998298644094; 8.898491649248209
49.89998288135745; 8.898489593840667
49.89998275635194; 8.898487114984166
49.89998262769723; 8.898484675602079
49.899982506415; 8.898482501308287
49.8999823820972; 8.89848031331733
49.899982244095305; 8.898477849594752
49.89998212365121; 8.898475547173902
49.89998203674395; 8.898473784357979
49.89998190985645; 8.898471300454514
49.89998180263721; 8.89846912673051
49.899981659541076; 8.89846626031778
49.899981547663224; 8.898464128121253
49.89998142451843; 8.898461800777897
49.8999813428013; 8.898460293396111
49.89998119426932; 8.898457402122197
49.89998106703108; 8.898454843562412
49.899980933357575; 8.898452134227226
49.899980821286455; 8.898449988883646
49.89998069023813; 8.898447511128682
49.899980553119875; 8.898444813610148
49.899980456223446; 8.898442762702674
49.899980344166906; 8.898440436468416
49.89998021573957; 8.89843783414828
49.899980081058104; 8.898435265426937
49.89997997189992; 8.898433222496934
49.89997987041611; 8.89843130292107
49.899979743068045; 8.898428821517461
49.899979643515515; 8.898426773154581
49.899979524940846; 8.898424301251532
49.899979387146644; 8.898421461129871
49.89997928769066; 8.898419574770692
49.899979141648245; 8.898416691606888
49.89997903891963; 8.898414557903402
49.89997891852405; 8.898411958878123
49.89997880749218; 8.898409514831076
49.89997869779675; 8.898407227635948
49.899978576764056; 8.898404758636351
49.89997846251139; 8.898402447675538
49.89997834059431; 8.898399862377076
49.899978230738306; 8.898397428160205
49.899978121339515; 8.898395114557959
49.89997797293167; 8.898392113204821
49.89997785010525; 8.898389564666735
49.89997773530658; 8.898387142018997
49.899977639168895; 8.898385228248076
49.89997749623246; 8.898382344912012
49.89997740004026; 8.898380469947782
49.89997728885403; 8.898378274296965
49.899977164550826; 8.89837580283859
49.89997706349395; 8.898373632051808
49.89997694638017; 8.898371032868631
49.899976826757964; 8.898368462130115
49.89997671220981; 8.898366150728005
49.89997659077612; 8.898363694179812
49.899976476110325; 8.898361246460928
49.89997636018809; 8.89835867461865
49.89997624368896; 8.898356230509567
49.89997611761555; 8.898353776585074
49.899975996695396; 8.898351337427494
49.899975883758316; 8.89834889358607
49.89997578593613; 8.898346717298576
49.899975677585104; 8.898344386947398
49.899975557047085; 8.898341932203365
49.899975439727285; 8.898339614563744
49.899975316200376; 8.898337152467388
49.89997518088406; 8.898334305117443
49.89997506986045; 8.898332039490453
49.89997495517496; 8.898329867437788
49.899974826289565; 8.898327401379447
49.89997468395371; 8.89832468774102
49.89997456548089; 8.898322283784639
49.89997445372798; 8.898319974197074
49.89997433445289; 8.898317518478866
49.899974216878555; 8.89831519449696
49.89997409880613; 8.898312870589981
49.89997397546515; 8.898310398534912
49.89997385348504; 8.898307826294763
49.899973729998344; 8.89830538743985
49.89997359329802; 8.898302820010416
49.89997346195516; 8.898300365926826
49.89997333540172; 8.898297926526878
49.89997320455589; 8.8982953437207
49.89997306293831; 8.89829264197903
49.89997291545578; 8.898289797487013
49.89997278706878; 8.898287260443379
49.899972642147205; 8.898284557542048
49.89997250541347; 8.898281989527836
49.89997238332089; 8.898279558958565
49.89997226650822; 8.89827723335762
49.89997215964832; 8.898275190079119
49.89997201733831; 8.898272441854079
49.89997190279018; 8.898270285532814
49.899971801428165; 8.898268365448802
49.89997166464759; 8.898265751326534
49.89997155778123; 8.898263586581777
49.89997142932872; 8.8982609947332
49.89997128603761; 8.898258276910491
49.899971158386265; 8.89825598653901
49.89997103111894; 8.89825365632171
49.899970899413006; 8.898251079189533
49.89997079403005; 8.89824890205724
49.899970651468855; 8.898246051528403
49.899970506890455; 8.898243239931364
49.89997039715152; 8.898240963040855
49.899970267363486; 8.898238246670834
49.89997013508354; 8.898235692840121
49.89997000892767; 8.898233254898633
49.8999698783708; 8.898230546232535
49.899969747076945; 8.898227841355979
49.899969607595; 8.898225136478363
49.89996946884344; 8.898222301401132
49.89996934753261; 8.898219878767225
49.89996921925213; 8.89821742071783
49.899969088418935; 8.898214839985528
49.89996897050604; 8.898212403389394
49.899968873507746; 8.898210366428803
49.899968761016396; 8.898208025889128
49.899968652058085; 8.898205833271515
49.89996853033971; 8.898203508701748
49.899968391165686; 8.898200907895845
49.89996824905202; 8.898198194546637
49.89996812174949; 8.898195648095605
49.89996797967852; 8.898192941551569
49.89996785724967; 8.898190648112415
49.899967709989966; 8.898187782013046
49.89996757135175; 8.89818511022468
49.899967425392376; 8.898182423108537
49.89996728255602; 8.898179611803478
49.89996716164711; 8.898177189742881
49.89996702731983; 8.898174598495771
49.89996690033907; 8.898172154455974
49.899966801197934; 8.898170118715687
49.89996666461459; 8.898167254614108
49.89996654365028; 8.898164815694805
49.89996641398918; 8.898162375654591
49.89996627680121; 8.898159797304281
49.89996613962435; 8.898157096121537
49.89996602139226; 8.898154791207705
49.89996587747381; 8.898152079719091
49.899965732932095; 8.898149244158999
49.89996560834694; 8.89814667815359
49.8999654772103; 8.89814409947136
49.899965346024615; 8.898141543861913
49.89996522123722; 8.898138962394505
49.89996507807362; 8.898135995688095
49.899964950809085; 8.898133445956157
49.899964843124685; 8.898131141714053
49.899964725891095; 8.898128558819511
49.89996460469947; 8.898125986707278
49.899964478304184; 8.898123412963326
49.89996437077437; 8.898121107485483
49.89996425997945; 8.898118660049054
49.89996416713279; 8.898116621166468
49.899964042827904; 8.89811401659354
49.89996391405501; 8.898111443831855
49.89996380563173; 8.898109280137744
49.89996367703348; 8.898106678167006
49.899963555891944; 8.898104107892854
49.899963417683175; 8.898101264691935
49.89996330774716; 8.898099011781284
49.89996320824756; 8.898096821974931
49.899963086511484; 8.898094088452302
49.89996296988846; 8.898091511209087
49.89996286474402; 8.89808935227361
49.899962750971945; 8.898087020593742
49.899962638296536; 8.898084704739452
49.89996251764743; 8.898082105265871
49.89996240521885; 8.898079531523939
49.899962313119374; 8.898077498875757
49.89996220056731; 8.898075028689734
49.89996208482627; 8.8980725850269
49.899961978973785; 8.898070285836013
49.899961859253224; 8.89806755307151
49.89996173606038; 8.898064850321582
49.89996161178775; 8.898062278990517
49.89996147408943; 8.898059429988747
49.89996133200002; 8.898056500229337
49.8999612115353; 8.898054086132449
49.89996107529572; 8.898051115846386
49.899960963617126; 8.898048697259423
49.899960850372516; 8.898046395104492
49.89996070763916; 8.898043532152174
49.89996058691076; 8.898040982421328
49.899960458710694; 8.898038279405004
49.89996033645472; 8.898035837633183
49.89996020819919; 8.898033131149468
49.899960079856726; 8.898030315000392
49.8999599508921; 8.898027620196238
49.89995980895024; 8.898024521441334
49.89995969430577; 8.89802200908692
49.89995955481708; 8.898019155200773
49.89995942628859; 8.898016479637029
49.89995930128373; 8.898013933730782
49.8999591671084; 8.898011357735239
49.899959018623726; 8.898008406698942
49.8999588788772; 8.898005609197499
49.899958727223655; 8.898002657874834
49.89995859790223; 8.89799999291843
49.89995845445097; 8.89799717468456
49.89995830908656; 8.897994239724367
49.899958180655695; 8.89799158794031
49.899958035194814; 8.897988747438085
49.89995791185398; 8.897986183153666
49.899957798023145; 8.897983735414202
49.89995767018278; 8.897981026079998
49.89995755932295; 8.897978731302306
49.8999574405861; 8.897976140982609
49.899957344176784; 8.897973976200317
49.89995722339317; 8.897971378720264
49.89995709754268; 8.897968806162194
49.89995696586299; 8.897966220675109
49.899956840998286; 8.897963654936058
49.899956717371694; 8.897961073600248
49.89995658930396; 8.897958502660558
49.89995645578; 8.897955792623863
49.8999563582227; 8.897953636466324
49.89995624785281; 8.897951310614717
49.89995612084794; 8.897948711166263
49.89995598992809; 8.89794613169991
49.89995586024026; 8.897943430324409
49.899955744310475; 8.897940860735533
49.89995563242753; 8.897938423623888
49.899955498523; 8.897935570344373
49.89995537924278; 8.897932887544178
49.899955256550584; 8.8979302000715
49.89995511878394; 8.897927260509729
49.899955005256245; 8.897924724041884
49.89995486069169; 8.89792176958541
49.89995472732974; 8.89791909253732
49.89995459894656; 8.897916423519366
49.899954469212; 8.897913859627456
49.8999543291129; 8.897911141954983
49.899954187049055; 8.897908186072847
49.89995405844037; 8.897905528023692
49.899953933320255; 8.897902826506758
49.8999537919704; 8.89789972688699
49.899953658047856; 8.897896944606016
49.89995355525659; 8.897894653339524
49.89995341927309; 8.897891525931977
49.899953314647775; 8.89788914265131
49.89995319513387; 8.897886285414083
49.89995306594988; 8.897883344191532
49.899952962100315; 8.897881104004314
49.89995283824686; 8.897878232981775
49.899952736681; 8.897875794603136
49.89995260925701; 8.897872952163269
49.899952504621616; 8.897870668395564
49.89995238440053; 8.897867825157459
49.899952268076824; 8.897865145797644
49.89995215691241; 8.897862710544805
49.8999520297226; 8.897859733158455
49.89995192200145; 8.897857189226471
49.89995179786383; 8.8978544838804
49.89995167359882; 8.897851647089109
49.899951543909644; 8.897848572261864
49.8999514304872; 8.897845940075857
49.89995132141614; 8.89784323207465
49.89995123099609; 8.897841069744716
49.899951117822766; 8.897838331382754
49.8999510067586; 8.89783562744901
49.89995089831968; 8.897832805855368
49.89995078977428; 8.897830133754145
49.89995067106019; 8.897827186358445
49.899950563434224; 8.897824521457306
49.89995045703009; 8.897822083366908
49.89995033527281; 8.89781923912631
49.89995021399979; 8.89781616590865
49.89995010686858; 8.897813509781429
49.899949997953655; 8.897810539243524
49.89994988840813; 8.897807737138868
49.899949763418526; 8.89780467784082
49.89994965601914; 8.897802012582773
49.89994955883508; 8.897799742156266
49.89994945012621; 8.89779714814684
49.899949351148564; 8.897794572291888
49.89994924603181; 8.89779173484356
49.89994913949418; 8.897788927007529
49.89994903932059; 8.897786106767219
49.899948937943144; 8.89778343464585
49.89994881372567; 8.897780349662579
49.899948692734526; 8.897777440889781
49.899948574292964; 8.897774738306042
49.899948453747015; 8.897771768425255
49.89994834672543; 8.897769219437864
49.89994822283211; 8.897766252926436
49.8999481100569; 8.897763452296985
49.89994797931759; 8.897760373559153
49.89994785568341; 8.897757335951203
49.89994774472684; 8.897754786701498
49.89994762885994; 8.897752083950044
49.89994751419652; 8.897749116869912
49.89994739648466; 8.897746176067539
49.899947291642036; 8.897743381925002
49.89994717939464; 8.897740434042328
49.89994707143919; 8.897737642811556
49.89994696406206; 8.897734831061374
49.89994684308038; 8.897731893514601
49.89994673090667; 8.897728962816213
49.89994663065691; 8.897726300577224
49.89994653293647; 8.89772373170799
49.89994642440856; 8.897720625851724
49.899946317494575; 8.897717693490952
49.899946231802396; 8.89771516810229
49.89994613923745; 8.897712456457171
49.899946040251486; 8.897709769348301
49.8999459486239; 8.897707195012561
49.89994584560811; 8.897704093263732
49.89994575016066; 8.897701288398473
49.89994565268626; 8.897698100972915
49.8999455709738; 8.897695469543695
49.89994547583682; 8.8976921192979
49.899945398678824; 8.89768949512092
49.89994533403101; 8.897687188911867
49.89994525158946; 8.897684072554764
49.89994518270404; 8.897681567097809
49.89994509963549; 8.897678696267185
49.89994501058108; 8.897675495945492
49.89994492014091; 8.897672313504218
49.89994484868591; 8.89766964233699
49.89994476934391; 8.897666834674396
49.89994471034467; 8.897664429308994
49.899944637585925; 8.897661454456278
49.89994456068783; 8.897658521724816
49.899944492798745; 8.897655590424144
49.8999444194089; 8.897652522728045
49.89994436237667; 8.897650021735014
49.89994430396781; 8.89764729484746
49.899944236565084; 8.897644339702092
49.89994417729784; 8.89764153380231
49.89994411386192; 8.897638726693751
49.89994404362988; 8.897635922333633
49.899943982241076; 8.897633108189131
49.89994391644384; 8.897630166333077
49.899943856732214; 8.897627505291432
49.89994380130111; 8.897624936628626
49.899943728622105; 8.897621823013814
49.899943672636525; 8.897619026379422
49.89994361422278; 8.89761634259869
49.89994354542225; 8.89761338800196
49.89994348951093; 8.89761072663889
49.899943422774136; 8.89760762010239
49.89994336193237; 8.89760443468924
49.89994330557727; 8.897601371357052
49.89994326474394; 8.897598834976309
49.899943219002814; 8.897595996693779
49.89994315291027; 8.897592511421115
49.89994310217423; 8.897589892871434
49.89994304058888; 8.897586934979586
49.899942995116255; 8.897584519648822
49.89994294169637; 8.897581413665804
49.89994289486947; 8.89757874253944
49.89994285073187; 8.897575661513308
49.89994280344817; 8.89757261166447
49.899942771593054; 8.897570193615339
49.89994273632979; 8.897567614867667
49.89994269239144; 8.897564768047557
49.89994265375737; 8.897561823486521
49.89994261367359; 8.897559017946989
49.89994256927778; 8.897556088600744
49.89994253222685; 8.897553011102938
49.89994249732538; 8.897550225382416
49.899942467032815; 8.897547384524378
49.89994243033074; 8.897544559826835
49.8999423922637; 8.897541629756768
49.899942351656684; 8.897538553218293
49.899942310162665; 8.897535764774847
49.899942278310455; 8.897532924736016
49.89994223927328; 8.89752972430508
49.89994221139289; 8.89752707198294
49.899942172599395; 8.897523960342182
49.89994214402813; 8.897521291420848
49.89994211673064; 8.8975184710815
49.899942083407474; 8.897515532189617
49.89994206118719; 8.89751272940296
49.899942037438315; 8.897509904695449
49.899942013998235; 8.897507225184869
49.89994199661226; 8.89750441169133
49.89994197043003; 8.89750133378533
49.89994194592276; 8.897498165294303
49.899941919867096; 8.897495365735224
49.89994190000633; 8.897492537022035
49.89994187946849; 8.897489354398319
49.89994186460564; 8.897486528634145
49.899941848362545; 8.897483590549028
49.89994183054172; 8.897480656982365
49.8999418187764; 8.897477200192375
49.89994180692765; 8.897474220824686
49.89994179619615; 8.897471592258634
49.89994177975773; 8.897468617351857
49.899941771475824; 8.897465535451962
49.89994176359166; 8.897462617134302
49.89994176296216; 8.897459794338815
49.89994175909781; 8.897457108679793
49.89994175011666; 8.897454280375337
49.89994175034653; 8.897451871449162
49.899941750156735; 8.89744875688743
49.8999417415254; 8.897445707573175
49.89994173410071; 8.89744237833436
49.89994172631649; 8.89743960828132
49.89994172310937; 8.897436655290935
49.899941718601596; 8.897433723318047
49.89994172413219; 8.897430920365023
49.899941721577065; 8.8974280982462
49.89994171993589; 8.897425292135663
49.89994172617857; 8.897422333921165
49.89994172793307; 8.89741939942297
49.89994174087706; 8.897416206061163
49.89994175075085; 8.897413422366935
49.89994176875053; 8.89741047076848
49.899941782000376; 8.897407272376768
49.89994179351713; 8.897404525007834
49.89994179919603; 8.897401574316302
49.899941805319365; 8.897398899443868
49.899941817941034; 8.897395958060713
49.89994182761434; 8.897393022580262
49.89994184551715; 8.897390223171811
49.89994186122199; 8.897387652318951
49.899941873583444; 8.897385072417284
49.899941895778724; 8.897382097238928
49.8999419158662; 8.897379028864256
49.89994193245791; 8.897376503170767
49.89994196003319; 8.897373394678901
49.899941980860405; 8.897370607256926
49.89994200956794; 8.897367765907415
49.89994203367733; 8.897365219744701
49.89994205870591; 8.897362396420382
49.899942089754035; 8.897359314420546
49.89994211430765; 8.89735638009707
49.899942143098286; 8.897353467069749
49.89994216714283; 8.897350358072867
49.89994219309309; 8.897347431267292
49.89994222253467; 8.897344478733368
49.899942252936164; 8.897341288197309
49.89994228263306; 8.89733849200874
49.899942307918145; 8.89733580750376
49.89994234455854; 8.897332992852029
49.89994238563744; 8.8973298024318
49.899942422666676; 8.897327262548643
49.899942468961264; 8.89732402817875
49.899942516819195; 8.897320988508717
49.89994255960127; 8.89731818321698
49.89994259945268; 8.89731524765584
49.89994264772269; 8.897312444508387
49.899942694221465; 8.897309640460445
49.899942737997726; 8.897307096667218
49.89994279207892; 8.897304125787702
49.89994283207416; 8.897301574578407
49.89994288087183; 8.89729860016894
49.89994292873782; 8.897295801658862
49.89994297626287; 8.89729297822693
49.89994303051681; 8.897290049034277
49.89994307663539; 8.897287215257617
49.89994312114572; 8.897284660530023
49.899943184497815; 8.89728142898278
49.899943239884806; 8.897278504500807
49.89994329793029; 8.897275807606578
49.89994334694259; 8.897273373644255
49.899943405384455; 8.897270251853492
49.89994346262721; 8.89726746062629
49.89994351320501; 8.89726462127261
49.89994357486768; 8.897261535700656
49.89994364130259; 8.897258356557947
49.89994370267635; 8.897255692232978
49.899943760747576; 8.897253123990287
49.899943824295114; 8.897250008763335
49.89994389564476; 8.89724682926948
49.89994395700138; 8.897244027011958
49.89994402910329; 8.897241096353625
49.89994409308114; 8.897238292216551
49.899944163525255; 8.897235352703525
49.899944228676524; 8.897232694841913
49.89994429310846; 8.897229851434458
49.89994436466759; 8.897227036481802
49.89994444956051; 8.897223706482457
49.89994452329062; 8.897220938871655
49.8999445970564; 8.897217988100369
49.89994466618634; 8.897215199317005
49.899944742498896; 8.897212243702004
49.899944809989464; 8.897209442765698
49.899944894323234; 8.897206367109808
49.89994497441782; 8.897203440857552
49.89994507146523; 8.897200248402516
49.899945153854915; 8.897197472286669
49.8999452517746; 8.897194389643882
49.89994534012297; 8.897191465944314
49.89994541986197; 8.897188659613274
49.89994550897716; 8.897185600009632
49.899945585239195; 8.897182938605997
49.89994567069085; 8.897180246932031
49.899945768183905; 8.897177145112403
49.899945864565105; 8.897174209228103
49.899945948144094; 8.89717167705186
49.8999460427141; 8.897168587251693
49.89994613625801; 8.89716579171192
49.899946214984006; 8.897163249600386
49.89994630317599; 8.8971602794348
49.89994640217615; 8.897157344211507
49.899946505579486; 8.897154287371693
49.89994662826001; 8.897150843816705
49.89994673177311; 8.897147837305486
49.89994683127351; 8.897145045955305
49.89994692433371; 8.897142239781791
49.899947024081364; 8.897139437456486
49.899947135059605; 8.897136374186871
49.89994724228082; 8.897133457887092
49.89994736058026; 8.897130374798003
49.899947456420776; 8.897127855734343
49.8999475829476; 8.897124756514053
49.89994770344247; 8.897121697818696
49.899947826865855; 8.897118655640517
49.89994794202583; 8.8971157184213
49.899948070395716; 8.897112659877532
49.8999481924013; 8.89710974103931
49.89994831572171; 8.897106933449292
49.89994845892714; 8.89710361551779
49.899948581464734; 8.897100855727736
49.8999487140893; 8.89709779136794
49.8999488413073; 8.897094736719792
49.8999489792758; 8.897091551427343
49.89994908804982; 8.897089058074565
49.89994923475874; 8.897085962283178
49.89994937512191; 8.897082921422449
49.899949512133134; 8.897080128355444
49.89994963676877; 8.897077458786091
49.89994979791866; 8.897074010440907
49.89994994433995; 8.897070884123945
49.89995007947453; 8.897068130584167
49.8999502314402; 8.89706492446595
49.89995036992926; 8.897062034781152
49.899950513044566; 8.897059106719015
49.89995066301481; 8.897056048760184
49.899950800475196; 8.897053270262615
49.89995094292089; 8.897050305929165
49.89995109384782; 8.897047255115751
49.899951244882885; 8.89704420242543
49.899951405082255; 8.89704115164112
49.899951569430854; 8.89703796807808
