49.89881207307242; 8.901703897793361
49.89881627976694; 8.901686913517182
49.89882308831125; 8.901664257615222
49.89883136569158; 8.901641665227876
49.89884087664748; 8.901620004626865
49.89885130953164; 8.901599853473817
49.89886299615762; 8.901580762178122
49.898884618211845; 8.901546206319752
49.898877916048185; 8.901531613699362
49.89886696409959; 8.901512295296603
49.89884735108247; 8.901481066363255
49.898857106281056; 8.901472078107235
49.89887187442441; 8.90146092098826
49.898887491269726; 8.901451689631115
49.89890367102969; 8.9014441755995
49.89892001017271; 8.901438068534711
49.898937012067236; 8.901432961356809
49.89896677542057; 8.901419705106852
49.89896292581393; 8.901402449672293
49.89895594836143; 8.901378936940063
49.89894730817076; 8.901355961936014
49.898937515059956; 8.901334227339337
49.898926533616226; 8.901313716105424
49.89891159190914; 8.901273684422685
49.89891541609906; 8.901256953956908
49.898920019711746; 8.901232604117572
49.89892399710864; 8.901207214052322
49.89892746477933; 8.901182034106183
49.89893080830706; 8.901156343882318
49.898939004469355; 8.901111485199406
49.89895072892306; 8.901110026094226
49.8989670600428; 8.901109368233113
49.89898385210694; 8.901109853000406
49.89900074241061; 8.901111181101234
49.89901794820617; 8.901113126481878
49.89903505139061; 8.901115349030325
49.899052452306336; 8.901117760748013
49.89906993985463; 8.901120346376068
49.89908751868621; 8.901123016129894
49.899104945637; 8.901125689653275
49.8991222266789; 8.901128351456284
49.89913983255206; 8.901131010898702
49.89915726759309; 8.901133533032567
49.89917477986876; 8.90113588935776
49.89919278792097; 8.901138198265262
49.89922531599381; 8.9011324174329
49.89921974357845; 8.90111521917462
49.89921064231204; 8.901093078276114
49.89920011718731; 8.901071706237575
49.89918895883504; 8.90105179693065
49.89917683601962; 8.901032228141755
49.899164243405444; 8.90101363791831
49.89915093952897; 8.900995484009654
49.89913740671588; 8.900978190249507
49.89912331414086; 8.900961386403067
49.89910855352904; 8.900945201890822
49.899093486899375; 8.900930093760763
49.8990778998531; 8.90091613570905
49.89905307275428; 8.900887038435016
49.89906545719148; 8.900885135929757
49.89908259099026; 8.900885444711248
49.89909981222476; 8.900888337220179
49.89911715291866; 8.90089322633947
49.89913443132843; 8.900899415922705
49.899151474885734; 8.900906224352191
49.89916812976625; 8.90091325596642
49.899185409279184; 8.900920652394076
49.89920278830612; 8.900928025452247
49.89921979458077; 8.90093510390264
49.89923712265625; 8.900942144239352
49.89925432583066; 8.900948980752897
49.899271777324664; 8.90095582439018
49.899289100056684; 8.900962460062837
49.89930675882083; 8.900968827135836
49.89932449381492; 8.900974760632188
49.89934209320591; 8.900980271168594
49.899359746031756; 8.900985401424645
49.89937786574442; 8.90099035231369
49.89939565745277; 8.900994892129122
49.89941352032095; 8.900999061842935
49.89944719220625; 8.900994744735986
49.89944016037342; 8.90097875125725
49.89942907635932; 8.90095842896117
49.8994164631757; 8.9009389962153
49.89940346537031; 8.900921333115868
49.89938930479612; 8.900903679425523
49.899374935478846; 8.900886870133933
49.89936042629995; 8.900870788963205
49.89934581268246; 8.900855363130601
49.899330423605086; 8.900839800605736
49.899315116299434; 8.900825018239962
49.89929979153398; 8.900810878888674
49.899283667157384; 8.900796765696759
49.899267890502145; 8.900783678744466
49.89925193102595; 8.90077094776866
49.89923536351376; 8.90075845004978
49.89921877092486; 8.900746721187653
49.899201572348396; 8.90073547075827
49.89918403976217; 8.900725038528549
49.899166448509604; 8.900715748370878
49.89913499141445; 8.900712310142028
49.899145218437035; 8.900723764760608
49.8991602947322; 8.900737117813982
49.89917652247621; 8.900748247640184
49.899193358759376; 8.900757495123248
49.89921027730228; 8.900765443395905
49.89922718767351; 8.900772595653617
49.89924509000669; 8.90077957843817
49.89926248762756; 8.900785931064467
49.89928043395796; 8.900792141218725
49.89929828552181; 8.900798125440687
49.89931621982538; 8.900803987595513
49.89933392564256; 8.90080958818671
49.899351708726826; 8.90081490561525
49.89936936052057; 8.900819929583992
49.89938765889411; 8.900824989456135
49.899405116783385; 8.900829673158848
49.89942330251612; 8.900834400631783
49.89944138138561; 8.9008390217905
49.89945988676868; 8.90084362215282
49.89947796465818; 8.900847928076926
49.899496319456546; 8.900852037500515
49.89951471409795; 8.900855798623875
49.899532928331226; 8.900859230595383
49.89955148675007; 8.900862488344666
49.89958539754194; 8.900856439585183
49.899577898898315; 8.900839784118496
49.89956658567547; 8.900819502282518
49.899553977573994; 8.900800372049899
49.89954047554123; 8.900782172833681
49.8995264481182; 8.900764727106214
49.89951205561859; 8.90074782993598
49.89949740494765; 8.900731365330827
49.899482884119166; 8.900715678114901
49.89946774804653; 8.900699970198545
49.89945259997274; 8.900684762754992
49.89943711226986; 8.900669657658518
49.89942110734282; 8.90065443116708
49.89940554563898; 8.900640005471114
49.89938941880305; 8.900625622842334
49.89937308837756; 8.900611640758692
49.89935652827988; 8.900597994608809
49.899340212895034; 8.900585229623813
49.899323522145984; 8.900572754595952
49.89930645108637; 8.900560673625915
49.899289600488295; 8.90054948484116
49.89927275825201; 8.90053904757741
49.89925488857497; 8.900528789382825
49.89923724413115; 8.900519535443859
49.89921962188094; 8.900511282878952
49.89918804659124; 8.900510262352133
49.89919811581753; 8.900522523669409
49.899212917643354; 8.900536890649725
49.899228494494615; 8.900549000610036
49.899244910681865; 8.900559542316781
49.89926146982793; 8.900568851110073
49.89927839909617; 8.900577602693788
49.89929567542624; 8.900586029525437
49.89931310281528; 8.900594212125247
49.8993304072314; 8.900602027918216
49.89934798203917; 8.900609612347166
49.89936606037265; 8.900617192949483
49.89938381559296; 8.900624466269582
49.89940143583681; 8.900631511050058
49.89941928304232; 8.90063852875017
49.89943747850622; 8.90064553534681
49.89945527789893; 8.900652268385487
49.89947326122785; 8.900658882028265
49.89949133395328; 8.900665189109901
49.89950926764562; 8.900671178676559
49.89952745772022; 8.900677047687747
49.899545460539386; 8.90068274024223
49.89956351328221; 8.900688279896572
49.899582008920426; 8.90069373891263
49.899599938499065; 8.900698948469167
49.89961854297126; 8.900704317842312
49.89963667630772; 8.900709322794158
49.89965505434341; 8.900714056710354
49.89967351420817; 8.900718486287257
49.89969184057462; 8.900722476637952
49.899710462264075; 8.900726146422848
49.89974480163977; 8.900720102709295
49.899737121209746; 8.90070342668663
49.89972582437787; 8.90068348494706
49.899712633585324; 8.900663783844571
49.89969896730979; 8.900645495891274
49.899684863133494; 8.900628082831508
49.899670206870994; 8.900611096409943
49.89965528975394; 8.90059453166359
49.899640178668854; 8.900578271554323
49.899625053159745; 8.90056242831289
49.8996098095278; 8.90054678969266
49.89959426262634; 8.900531218449823
49.899578763503335; 8.90051600146725
49.8995631011159; 8.900500956356506
49.899546921573254; 8.900485911704928
49.8995313252735; 8.900471868717753
49.899515575972245; 8.900458103896463
49.89949894187441; 8.900443967473981
49.89948259963756; 8.900430452043032
49.89946588420666; 8.900417040863715
49.89944902061915; 8.900404022574246
49.89943262755809; 8.900391872713763
49.899415509243795; 8.900379751997752
49.899398643080275; 8.90036839820878
49.899381378744835; 8.900357446161298
49.89936393584816; 8.900347144523506
49.899346698225656; 8.900337832409452
49.899328878267156; 8.900328981792002
49.89931113630017; 8.900320897877805
49.89929324505816; 8.900313564224655
49.89926047888212; 8.900313358807868
49.89926953649074; 8.900328884136878
49.899282349768484; 8.900346901675528
49.89929663518581; 8.900363492068871
49.899311365794; 8.900378260542379
49.8993269051571; 8.900392365272376
49.89934233899757; 8.900405455350807
49.89935837628828; 8.900418457226278
49.89937477970975; 8.900431354299547
49.89939116114846; 8.90044383736856
49.899408010127416; 8.900456359743336
49.89942475497562; 8.90046857742889
49.899441603572804; 8.900480716071819
49.89945810352351; 8.900492421305174
49.89947495255707; 8.900504134976956
49.899491710056544; 8.900515446819885
49.899508546844196; 8.900526477924268
49.899525728922654; 8.900537343912001
49.89954255147741; 8.90054764202825
49.899559833807466; 8.90055800984742
49.89957701350136; 8.900568115468012
49.899594188275614; 8.90057800362287
49.8996117262429; 8.900587707447425
49.89962959749557; 8.900597062643264
49.899647577456655; 8.900606031764799
49.8996653977538; 8.900614548026827
49.89968334576322; 8.900622823708064
49.899701111961335; 8.900630649097726
49.8997194008619; 8.900638354962567
49.89973751301531; 8.900645673821954
49.89975590881221; 8.900652623023971
49.89977396948558; 8.900658765752455
49.89979279994558; 8.900664525088628
49.89981125244062; 8.900669679419462
49.89984598848737; 8.900666078661816
49.899839320992406; 8.900648073067813
49.89982937850334; 8.900626393611205
49.899817909468055; 8.900605011578735
49.89980541849805; 8.900584042588926
49.8997928920571; 8.900564264066132
49.89977989786484; 8.900544703390985
49.89976640192036; 8.900525294862735
49.899753144916595; 8.900506947796494
49.89973919981126; 8.900488117139599
49.89972512920442; 8.90046935104732
49.899711302978226; 8.90045116593224
49.89969702932711; 8.900432709355435
49.89968290341835; 8.900414871592648
49.89966848712331; 8.900397084148763
49.89965375417306; 8.900379249146532
49.89963868955922; 8.9003614412138
49.899623471401256; 8.900343859395248
49.89960879568864; 8.900327439449407
49.89959356728592; 8.900310957491907
49.899578333953855; 8.900295019177486
49.899562738185104; 8.900279251092146
49.89954701103801; 8.900263767374529
49.89953097764494; 8.900248372222906
49.89951500918867; 8.900233443346357
49.89949883430247; 8.900218688325605
49.8994825638181; 8.900204270159943
49.899465525390596; 8.900189839654564
49.89944907501293; 8.900176636870535
49.89943200987113; 8.900163786803493
49.89941470805414; 8.900151728894555
49.899397603970364; 8.900140683420265
49.899380094094596; 8.900130137744805
49.899362148251456; 8.900120317201608
49.89934423210178; 8.900111655710537
49.899311435433916; 8.900110045386024
49.89931983280772; 8.900125301394493
49.89933258938756; 8.900144447839486
49.899346707560774; 8.900162046473463
49.899361646480926; 8.900178084413547
49.899376824762406; 8.900192770847566
49.89939265300013; 8.900207040442131
49.899408698978434; 8.900220868747008
49.899424488809125; 8.90023410991257
49.899440807216266; 8.900247466693523
49.89945691635523; 8.900260326987402
49.89947369240337; 8.900273314797822
49.89949020337323; 8.900285769826398
49.89950684751075; 8.900297969823221
49.89952379140582; 8.90031002183551
49.899541241520794; 8.900322098907864
49.8995585772327; 8.900333810032592
49.89957581665749; 8.900345166682682
49.89959299067081; 8.9003560579044
49.89961047254946; 8.900366698552435
49.89962828334874; 8.90037709977908
49.89964621764766; 8.900387154578997
49.899663798549746; 8.900396657984766
49.89968166571581; 8.900405915585639
49.89969963295908; 8.900414843658547
49.899717278841905; 8.900423241286095
49.89973564990561; 8.900431610078721
49.89975432726367; 8.90043970977437
49.899772429002084; 8.900446937144567
49.89979134936637; 8.900453721233484
49.89980952771189; 8.900459525546125
49.899844529298974; 8.900457303855159
49.89983828143007; 8.900438250671199
49.8998286517888; 8.900414975924706
49.89981781280358; 8.900392928729119
49.89980616786583; 8.900371772022606
49.89979369136288; 8.900350589098464
49.899780982272326; 8.900329975002682
49.89976778332227; 8.900309294033658
49.89975462131398; 8.900289313129617
49.89974149891223; 8.90026964302819
49.8997282470946; 8.900250047136753
49.899714677660555; 8.900230471252556
49.89970104971971; 8.900211311375276
49.89968710428999; 8.900192194725747
49.89967331241638; 8.900173751044631
49.89965903367107; 8.900155054677983
49.899644613192336; 8.900136564494298
49.899629819653875; 8.900118135769493
49.89961478349287; 8.900100129486638
49.89959968884382; 8.90008280274382
49.89958472394494; 8.900066251040966
49.89956880942159; 8.900049341644587
49.89955311784465; 8.900033204961522
49.89953761828807; 8.900017817428651
49.89952118851319; 8.900002161244196
49.89950507690048; 8.899987577724419
49.89948873940371; 8.899973553647714
49.899471817923846; 8.899959766979556
49.899455019560186; 8.899946917538134
49.8994379785812; 8.899934842213819
49.89942023006536; 8.899923469704571
49.899402196458496; 8.899913252953155
49.89936949904994; 8.89990942999042
49.899377479593056; 8.89992512073526
49.89938959903059; 8.899944670339078
49.899403294721594; 8.899962945288266
49.899417672806244; 8.89997954635286
49.89943261339082; 8.899995137999307
49.89944830565209; 8.900010279765757
49.89946369564564; 8.90002444011818
49.89947966296077; 8.900038690986573
49.89949601246495; 8.900052794604976
49.89951225855336; 8.900066373752685
49.899528871571135; 8.900079849756525
49.89954565879844; 8.900093008808293
49.89956197091399; 8.900105474145246
49.89957875455385; 8.900118016774751
49.89959562863286; 8.900130366965344
49.89961246851962; 8.900142430947662
49.899630005527705; 8.900154601481024
49.89964706373751; 8.90016601932981
49.89966440733211; 8.900177136484677
49.89968185956016; 8.900187835826756
49.89969988370817; 8.900198369187551
49.89971745342237; 8.900208044995512
49.89973555935457; 8.9002173923362
49.89975362832637; 8.90022611105233
49.899771529979304; 8.900234322238983
49.899790187850364; 8.900242305904674
49.89980852606862; 8.900249329877429
49.89984306888262; 8.900248716971072
49.89983765320374; 8.900229984314283
49.89982886300938; 8.90020609836637
49.899818591037416; 8.900182631190638
49.899807621047955; 8.9001601942017
49.89979609665985; 8.900138233760053
49.89978404110042; 8.900116507247068
49.89977182712586; 8.900095315927079
49.89975953771; 8.900074543260287
49.89974679982875; 8.900053382505511
49.899734184031004; 8.900032920488021
49.8997209052731; 8.900011894511634
49.89970777877038; 8.899991539703032
49.89969458718581; 8.89997159924195
49.899681175349585; 8.89995200844717
49.89966724526485; 8.89993229563596
49.89965319947568; 8.8999130271576
49.89963931885577; 8.89989444675029
49.89962458979749; 8.899875309940635
49.89960964351196; 8.899856615339724
49.89959455124158; 8.899838622444264
49.89957899218723; 8.899820985395131
49.89956331902479; 8.89980405133645
49.899547395972895; 8.899787657191418
49.89953177185747; 8.899772419811006
49.89951548769964; 8.89975755998648
49.899499094209865; 8.899743692844984
49.89948235379108; 8.89973073468547
49.899465052995325; 8.899718644018678
49.899432423151985; 8.899711257858927
49.89943901218839; 8.899728311156409
49.899449579885456; 8.899750646276587
49.899461369791084; 8.899771414576561
49.899474083574354; 8.899791004731913
49.899487602733664; 8.899810001828687
49.899501490070925; 8.899828365631622
49.899515860877756; 8.899846536135335
49.89953048075271; 8.8998643332331
49.89954514063107; 8.899881656643709
49.89956015398773; 8.899898918212774
49.89957533261143; 8.899915890772833
49.89959052217226; 8.899932366930305
49.89960586723165; 8.899948642637439
49.89962153423463; 8.89996484235378
49.89963721820398; 8.899980518163122
49.899652934454814; 8.899995516635062
49.89966946488185; 8.90001051626006
49.89968591521047; 8.900024566497098
49.89970276383161; 8.900038231626874
49.899719616415545; 8.90005134363207
49.8997368387604; 8.900064148181057
49.89975441632922; 8.900076541632062
49.899771606419286; 8.900087811443834
49.89978941406624; 8.900098433116879
49.89980729183424; 8.900108128882081
49.899825763552016; 8.900117122087227
49.89986056529232; 8.900119571888078
49.89985642287284; 8.900100051807955
49.899849192126645; 8.900074541608754
49.89984053764348; 8.900049478309944
49.8998309148602; 8.900024825687709
49.89982085810642; 8.900000963121562
49.89981044304803; 8.89997730141319
49.89979963598423; 8.899953593381449
49.899788929043915; 8.899930813960403
49.899777901976; 8.899907900025138
49.89976646317342; 8.899884604372831
49.899754934569394; 8.899861645720346
49.89974332936274; 8.89983914974179
49.899731426543994; 8.899816615097809
49.89971935740125; 8.899794174630514
49.899707213770924; 8.899772214235915
49.89969465533038; 8.899750250168376
49.899681725156405; 8.899728273967273
49.89966872489613; 8.899706773434712
49.899655523542535; 8.89968556327129
49.899642147732116; 8.899664999949303
49.899628310486; 8.899644715181076
49.899614304114635; 8.899625134863514
49.89959984833987; 8.899605809425976
49.89958509247; 8.899587022834694
49.89957011753431; 8.899569224352355
49.899554448470404; 8.899552265226074
49.8995386222051; 8.899536777469496
49.89952157143277; 8.899521839674168
49.899489581562314; 8.89951085260381
49.899496058588326; 8.899530017678783
49.899506099175284; 8.899553929107016
49.89951725785424; 8.89957598271225
49.89952976264449; 8.899597376406032
49.8995426372826; 8.899617409791805
49.89955580200523; 8.899636604422717
49.89956958134137; 8.899655876694347
49.8995836384786; 8.89967483602529
49.89959761724532; 8.89969302158939
49.89961236269935; 8.899711462746202
49.89962703796593; 8.899729009616525
49.89964198505915; 8.899746300185438
49.899657617735485; 8.89976396617348
49.89967265573447; 8.899780494327494
49.899688618833224; 8.899797409143751
49.89970428930781; 8.899813283178664
49.89972022306707; 8.899828576173395
49.89973623182846; 8.899843098498225
49.89975253571203; 8.899856930274925
49.899769654311896; 8.899870520789518
49.899786657006; 8.899883141927132
49.89980391687451; 8.899894833853072
49.899821510374146; 8.899905365941297
49.899856191264455; 8.899910421984885
49.89985281179378; 8.899890020730922
49.899846488813324; 8.899863275994441
49.89983898606389; 8.899837730570008
49.89983062557751; 8.899812324528146
49.89982170689805; 8.89978731205163
49.89981238346063; 8.899762510843212
49.899802898068536; 8.899738080595439
49.89979321128653; 8.8997138725075
49.89978327849999; 8.899689784621424
49.89977288384104; 8.899665308545528
49.899762407907616; 8.899641226093934
49.89975162592088; 8.899617002593876
49.89974114822281; 8.899594045188465
49.899730210587684; 8.899570673700902
49.89971888655559; 8.899547261933106
49.89970740260328; 8.899524411021446
49.89969544210966; 8.899501251386768
49.89968321022282; 8.89947841597946
49.89967110405611; 8.899456651679243
49.89965838604895; 8.899434746053501
49.899645048249376; 8.899413179257861
49.899631556400465; 8.899392786888312
49.8996176184351; 8.899373073457443
49.899602825099954; 8.899353724857061
49.89958784403505; 8.89933584604054
49.899572025306725; 8.8993190196968
49.899540794902656; 8.899304548049235
49.899546332387786; 8.899324237896133
49.89955504826423; 8.899348591908034
49.89956523524147; 8.899371698385659
49.899576841597856; 8.899394148103779
49.8995888756724; 8.899415319550766
49.899601037276206; 8.899435634813289
49.899613975918506; 8.899456231452975
49.89962708709426; 8.89947617112084
49.89964021526749; 8.899495372382713
49.89965415700181; 8.89951512790988
49.89966837328662; 8.899534532021654
49.89968302460579; 8.89955385361374
49.89969776308682; 8.899572506766539
49.899712454670215; 8.899590269264978
49.89972788772849; 8.899607910650566
49.89974328883899; 8.89962449367105
49.899759358520086; 8.899640715182919
49.899775797871655; 8.899656156466527
49.8997925478834; 8.899670711587488
49.899809659428215; 8.899684312485752
49.89982700742976; 8.899696455186584
49.89986101767444; 8.899704039178761
49.89985807577604; 8.899683027332456
49.899852760666235; 8.89965713538474
49.89984602893059; 8.899631243960686
49.899838294172405; 8.899605481678389
49.89983007009195; 8.899580281639064
49.89982142361888; 8.899554988082635
49.89981236700641; 8.899529530879379
49.89980318117207; 8.89950487974824
49.89979361802803; 8.899480148052243
49.89978388159004; 8.899455469353414
49.899773924500685; 8.899430976051915
49.8997639842581; 8.89940713332114
49.89975359534742; 8.899382776722838
49.89974313505817; 8.89935891746265
49.89973246815722; 8.89933525394006
49.899721252078635; 8.899311238367963
49.899709907791724; 8.899287708567902
49.89969842653341; 8.899264975069846
49.89968622238643; 8.89924236798833
49.8996733615017; 8.89922012168344
49.899659920216166; 8.899198513426818
49.899646267870416; 8.899178387973267
49.89963145387651; 8.899158713059347
49.899616356610494; 8.89914115887606
49.89958516565539; 8.899125291145662
49.89959042440037; 8.899145476239667
49.899598622015255; 8.89917022112983
49.899608555022795; 8.899194778547425
49.899619331375; 8.89921776514897
49.89963106504815; 8.899240141946075
49.899643413568285; 8.899261953850106
49.89965628174572; 8.899283532601501
49.89966920994949; 8.899304354191585
49.89968210382618; 8.89932429917974
49.899695813945286; 8.899344423627063
49.89970936378831; 8.89936344600805
49.8997235265797; 8.899382557370677
49.89973791331515; 8.899400893294532
49.89975320862905; 8.899419135661201
49.89976869353457; 8.899436415433787
49.899784675563474; 8.899452788627103
49.89980076558959; 8.899467744032316
49.89981752160932; 8.899481618648561
49.89985087596246; 8.899492747446772
49.89984964934858; 8.899471911413977
49.899846333648824; 8.899444665026069
49.899841688323086; 8.899417697836917
49.89983598591615; 8.899390002616489
49.89982982683313; 8.899363120755295
49.899823254536386; 8.899336361152377
49.8998163577424; 8.899309371041337
49.89980923223521; 8.899282471891295
49.89980195024638; 8.899255891350721
49.89979441244175; 8.899229443930379
49.899786606741976; 8.899203137498217
49.89977843687372; 8.89917658868827
49.8997701590879; 8.899150759701547
49.89976123632577; 8.899124271489022
49.899752325635276; 8.899099299853813
49.899742857863274; 8.899074004944804
49.899733059563864; 8.89904893541092
49.899722944836576; 8.899024505791806
49.899712071382496; 8.898999985481254
49.89970069413048; 8.898976777375111
49.89968803630324; 8.898954136220503
49.89966007137638; 8.898929014110344
49.89966343656602; 8.898949516768146
49.89966941186456; 8.898975221737476
49.89967704061286; 8.89900050773779
49.899686128865085; 8.899025824657175
49.89969584084917; 8.899049934902076
49.899706457979406; 8.899074053681312
49.89971733789662; 8.899097174047224
49.89972873250965; 8.899119882318567
49.899740436722034; 8.899141825281758
49.89975267842933; 8.89916363608216
49.899765868668624; 8.899186032569396
49.899778791362344; 8.899206594590423
49.89979266929255; 8.89922721114145
49.899806953599786; 8.899246731368214
49.89982159507143; 8.899264665742725
49.89983744933455; 8.899281436809321
49.89986973890147; 8.899295986216975
49.89986961523703; 8.899274388130427
49.89986772449249; 8.8992465538349
49.89986454564168; 8.899218741344603
49.89986038589301; 8.89919009100564
49.8998557876292; 8.899162503838946
49.89985077041216; 8.89913431286628
49.899845693851674; 8.89910675437342
49.89984047162425; 8.899079204001062
49.899835119083264; 8.899051877860064
49.899829348693146; 8.899023704515736
49.89982358854812; 8.89899683608166
49.89981737814586; 8.898969117342668
49.89981091398705; 8.898941478345089
49.899804221138; 8.898913874223759
49.899797054062496; 8.89888566896588
49.89978965636478; 8.898858390864799
49.89978190932642; 8.898831674614778
49.8997736874757; 8.89880553896627
49.89976444175438; 8.89877934974308
49.89975402458833; 8.898753791366428
49.89974180713902; 8.898730192244187
