49.898814142224815; 8.901705746081904
49.89887537728009; 8.901563951206011
49.898854951649; 8.901495667000578
49.89895339617646; 8.901428971973985
49.89891450444299; 8.901295655167777
49.89890735873214; 8.901278293444014
49.89893404287132; 8.901131401105358
49.89920977791276; 8.901140253155333
49.899062514232185; 8.900904199266245
49.899430987555206; 8.9010027695183
49.89914949394947; 8.900707858830229
49.899568949922354; 8.900865335429929
49.89920261169182; 8.900504407391598
49.899727968719915; 8.900729237849141
49.89927603813837; 8.900307404975047
49.89982890655062; 8.900674114714246
49.89932709525126; 8.900104577206212
49.89982712078735; 8.900464606394396
49.89938534626436; 8.899905023725648
49.89982554161595; 8.900255039342566
49.89944862406383; 8.899708668985012
49.89984273672956; 8.90012433497504
49.8995057563064; 8.899509762138578
49.89983857935558; 8.89991409660089
49.89955678900811; 8.89930516631969
49.899843362792474; 8.899706224161665
49.899601215571586; 8.899126490654679
49.899833377104684; 8.899493022816541
49.89967555702544; 8.89893545407503
49.89985261446259; 8.899294699321434
49.89972785777787; 8.898712977434187
